Goal_type= PBIAS    No_sims= 1     Best_sim_no= 1    Best_goal = 6.430973e+001

 Parameter_Name           Fitted_Value     Min_value      Max_value
1:V__CNCOEF.bsn         0.503000        0.503000       0.503000    
2:V__CANMX.hru          9.090000        9.090000       9.090000    
3:V__ICN.bsn            1.000000        1.000000       1.000000    
4:R__CN2.mgt            -0.441000       -0.441000      -0.441000   
5:V__ESCO.hru           0.488750        0.488750       0.488750    
6:V__GW_DELAY.gw        243.500000      243.500000     243.500000  
7:V__GWQMN.gw           2790.000000     2790.000000    2790.000000 
8:V__GW_REVAP.gw        0.076550        0.076550       0.076550    
9:V__REVAPMN.gw         448.500000      448.500000     448.500000  
10:V__RCHRG_DP.gw       0.073700        0.073700       0.073700    
11:V__ALPHA_BF.gw       0.935825        0.935825       0.935825    
12:V__SHALLST.gw        1732.500000     1732.500000    1732.500000 
13:V__GWHT.gw           7.950000        7.950000       7.950000    
14:V__DEEPST.gw         27625.000000    27625.000000   27625.000000
15:V__GW_SPYLD.gw       0.389500        0.389500       0.389500    
16:V__LAT_TTIME.hru     16.625000       16.625000      16.625000   
17:R__OV_N.hru          -0.075000       -0.075000      -0.075000   
18:R__SLSUBBSN.hru      0.079000        0.079000       0.079000    
19:R__HRU_SLP.hru       -0.077000       -0.077000      -0.077000   
20:V__SURLAG.bsn        5.965250        5.965250       5.965250    
21:R__SOL_K(..).sol     0.062000        0.062000       0.062000    
22:R__SOL_AWC(..).sol    0.030000        0.030000       0.030000    
23:R__CH_N2.rte         0.083000        0.083000       0.083000    
24:R__CH_K2.rte         -0.065000       -0.065000      -0.065000   
25:R__CN2.mgt           -0.598500       -0.598500      -0.598500   
26:V__ALPHA_BF.gw       0.120000        0.120000       0.120000    
27:V__GW_DELAY.gw       110.370003      110.370003     110.370003  
28:V__GWQMN.gw          4454.000000     4454.000000    4454.000000 
29:V__GW_REVAP.gw       0.080000        0.080000       0.080000    
30:V__REVAPMN.gw        407.000000      407.000000     407.000000  
31:V__RCHRG_DP.gw       0.030000        0.030000       0.030000    
32:V__ALPHA_BF.gw       0.120000        0.120000       0.120000    
33:V__ESCO.hru          0.690000        0.690000       0.690000    
34:R__OV_N.hru          0.010000        0.010000       0.010000    
35:R__HRU_SLP.hru       -0.020000       -0.020000      -0.020000   
36:R__SOL_K(..).sol     0.160000        0.160000       0.160000    
37:R__CH_N2.rte         -0.040000       -0.040000      -0.040000   
38:V__SHALLST.gw        76250.000000    76250.000000   76250.000000
39:V__DEEPST.gw         31250.000000    31250.000000   31250.000000
40:V__LAT_TTIME.hru     23.230000       23.230000      23.230000   
41:V__SURLAG.bsn        2.125000        2.125000       2.125000    
42:R__CN2.mgt           -0.250000       -0.250000      -0.250000   
43:V__GW_DELAY.gw       403.750000      403.750000     403.750000  
44:V__ESCO.hru          0.585500        0.585500       0.585500    
45:V__SHALLST.gw        1637.500000     1637.500000    1637.500000 
46:V__GWQMN.gw          1047.500000     1047.500000    1047.500000 
47:V__ALPHA_BF.gw       0.472250        0.472250       0.472250    
48:V__LAT_TTIME.hru     4.260000        4.260000       4.260000    


    0.503000     9.090000     1.000000    -0.441000     0.488750   243.500000  2790.000000     0.076550   448.500000     0.073700     0.935825  1732.500000     7.950000 27625.000000     0.389500    16.625000    -0.075000     0.079000    -0.077000     5.965250     0.062000     0.030000     0.083000    -0.065000    -0.598500     0.120000   110.370003  4454.000000     0.080000   407.000000     0.030000     0.120000     0.690000     0.010000    -0.020000     0.160000    -0.040000 76250.000000 31250.000000    23.230000     2.125000    -0.250000   403.750000     0.585500  1637.500000  1047.500000     0.472250     4.260000 

v__CNCOEF.bsn                 0.503000            
v__CANMX.hru______FRSD,FRST,RNGB,EUCA9.090000            
v__ICN.bsn                    1.000000            
r__CN2.mgt________1,5,7,9,12-18,20-0.441000           
v__ESCO.hru________1,5,7,9,12-18,200.488750            
v__GW_DELAY.gw________1,5,7,9,12-18,20243.500000          
v__GWQMN.gw________1,5,7,9,12-18,202790.000000         
v__GW_REVAP.gw________1,5,7,9,12-18,200.076550            
v__REVAPMN.gw________1,5,7,9,12-18,20448.500000          
v__RCHRG_DP.gw________1,5,7,9,12-18,200.073700            
v__ALPHA_BF.gw________1,5,7,9,12-18,200.935825            
v__SHALLST.gw________1,5,7,9,12-18,201732.500000         
v__GWHT.gw________1,5,7,9,12-18,207.950000            
v__DEEPST.gw________1,5,7,9,12-18,2027625.000000        
v__GW_SPYLD.gw________1,5,7,9,12-18,200.389500            
v__LAT_TTIME.hru________1,5,7,9,12-18,2016.625000           
r__OV_N.hru________1,5,7,9,12-18,20-0.075000           
r__SLSUBBSN.hru________1,5,7,9,12-18,200.079000            
r__HRU_SLP.hru________1,5,7,9,12-18,20-0.077000           
v__SURLAG.bsn________1,5,7,9,12-18,205.965250            
r__SOL_K().sol________1,5,7,9,12-18,200.062000            
r__SOL_AWC().sol________1,5,7,9,12-18,200.030000            
r__CH_N2.rte________1,5,7,9,12-18,200.083000            
r__CH_K2.rte________1,5,7,9,12-18,20-0.065000           
r__CN2.mgt________2,3,4,6,8,10,11-0.598500           
v__ALPHA_BF.gw________2,3,4,6,8,10,110.120000            
v__GW_DELAY.gw________2,3,4,6,8,10,11110.370003          
v__GWQMN.gw________2,3,4,6,8,10,114454.000000         
v__GW_REVAP.gw________2,3,4,6,8,10,110.080000            
v__REVAPMN.gw________2,3,4,6,8,10,11407.000000          
v__RCHRG_DP.gw________2,3,4,6,8,10,110.030000            
v__ALPHA_BF.gw________2,3,4,6,8,10,110.120000            
v__ESCO.hru________2,3,4,6,8,10,110.690000            
r__OV_N.hru________2,3,4,6,8,10,110.010000            
r__HRU_SLP.hru________2,3,4,6,8,10,11-0.020000           
r__SOL_K().sol________2,3,4,6,8,10,110.160000            
r__CH_N2.rte________2,3,4,6,8,10,11-0.040000           
v__SHALLST.gw________2,3,4,6,8,10,1176250.000000        
v__DEEPST.gw________2,3,4,6,8,10,1131250.000000        
v__LAT_TTIME.hru________2,3,4,6,8,10,1123.230000           
v__SURLAG.bsn________2,3,4,6,8,10,112.125000            
r__CN2.mgt________19,21,22,23,24,25,26,27,28,29,30,31,32,33,34,35,36,37-0.250000           
v__GW_DELAY.gw________19,21,22,23,24,25,26,27,28,29,30,31,32,33,34,35,36,37403.750000          
v__ESCO.hru________19,21,22,23,24,25,26,27,28,29,30,31,32,33,34,35,36,370.585500            
v__SHALLST.gw________19,21,22,23,24,25,26,27,28,29,30,31,32,33,34,35,36,371637.500000         
v__GWQMN.gw________19,21,22,23,24,25,26,27,28,29,30,31,32,33,34,35,36,371047.500000         
v__ALPHA_BF.gw________19,21,22,23,24,25,26,27,28,29,30,31,32,33,34,35,36,370.472250            
v__LAT_TTIME.hru________19,21,22,23,24,25,26,27,28,29,30,31,32,33,34,35,36,374.260000            
