   1 
1  1.424000e+002
2  1.440000e+002
3  1.434000e+002
4  2.366000e+002
5  1.321000e+002
6  1.197000e+002
7  1.104000e+002
8  1.016000e+002
9  9.167000e+001
10  9.024000e+001
11  1.115000e+002
12  9.690000e+001
13  1.949000e+002
14  3.947000e+002
15  3.850000e+002
16  4.323000e+002
17  3.074000e+002
18  2.851000e+002
19  2.641000e+002
20  2.437000e+002
21  2.244000e+002
22  2.142000e+002
23  2.138000e+002
24  2.200000e+002
25  2.069000e+002
26  2.421000e+002
27  2.793000e+002
28  2.406000e+002
29  2.483000e+002
30  2.117000e+002
31  1.943000e+002
32  1.780000e+002
33  1.637000e+002
34  1.517000e+002
35  1.809000e+002
36  1.907000e+002
37  1.476000e+002
38  1.468000e+002
39  1.785000e+002
40  2.120000e+002
41  1.571000e+002
42  1.426000e+002
43  1.310000e+002
44  1.193000e+002
45  1.095000e+002
46  1.188000e+002
47  1.326000e+002
48  1.285000e+002
49  1.009000e+002
50  2.517000e+002
51  1.361000e+002
52  1.181000e+002
53  1.081000e+002
54  1.003000e+002
55  9.174000e+001
56  8.335000e+001
57  7.445000e+001
58  7.171000e+001
59  8.026000e+001
60  9.457000e+001
61  7.300000e+001
62  8.546000e+001
63  1.252000e+002
64  1.268000e+002
65  9.108000e+001
66  8.345000e+001
67  7.636000e+001
68  6.870000e+001
69  6.322000e+001
70  5.777000e+001
71  8.516000e+001
72  1.265000e+002
73  1.226000e+002
74  1.211000e+002
75  1.289000e+002
76  1.953000e+002
77  1.920000e+002
78  1.603000e+002
79  1.454000e+002
80  1.330000e+002
81  1.219000e+002
82  1.311000e+002
83  1.443000e+002
84  1.454000e+002
85  1.433000e+002
86  1.251000e+002
87  1.706000e+002
88  1.617000e+002
89  1.292000e+002
90  1.190000e+002
91  1.096000e+002
92  9.958000e+001
93  8.994000e+001
94  9.584000e+001
95  1.173000e+002
96  1.079000e+002
97  1.350000e+002
98  1.285000e+002
99  2.010000e+002
100  1.627000e+002
101  1.430000e+002
102  1.319000e+002
103  1.212000e+002
104  1.104000e+002
105  1.000000e+002
106  1.171000e+002
107  1.540000e+002
108  1.862000e+002
109  1.888000e+002
110  1.531000e+002
111  1.358000e+002
112  1.241000e+002
113  1.167000e+002
114  1.050000e+002
115  9.583000e+001
116  8.727000e+001
117  7.770000e+001
118  7.280000e+001
119  1.575000e+002
120  9.848000e+001
121  1.304000e+002
122  1.139000e+002
123  1.154000e+002
124  1.156000e+002
125  9.533000e+001
126  8.801000e+001
127  8.029000e+001
128  7.247000e+001
129  6.454000e+001
130  6.761000e+001
131  7.258000e+001
132  1.745000e+002
133  1.136000e+002
134  1.281000e+002
135  1.239000e+002
136  1.283000e+002
137  9.685000e+001
138  8.857000e+001
139  8.065000e+001
140  7.355000e+001
141  6.629000e+001
142  6.159000e+001
143  8.586000e+001
144  8.963000e+001
151  4.297000e+001
152  3.758000e+001
153  3.212000e+001
154  3.192000e+001
155  4.850000e+001
156  4.067000e+001
160  9.826000e+001
163  7.750000e+001
164  6.950000e+001
165  6.402000e+001
166  6.719000e+001
167  7.733000e+001
168  7.755000e+001
