   1 
1  8.720000e+001
2  8.820000e+001
3  1.383000e+002
4  1.082000e+002
5  7.506000e+001
6  5.460000e+001
7  3.898000e+001
8  2.692000e+001
9  1.766000e+001
10  1.409000e+001
11  2.805000e+001
12  2.336000e+001
13  8.271000e+001
14  2.504000e+002
15  2.846000e+002
16  2.838000e+002
17  2.043000e+002
18  1.522000e+002
19  1.137000e+002
20  8.350000e+001
21  6.098000e+001
22  4.818000e+001
23  4.589000e+001
24  7.299000e+001
25  7.921000e+001
26  1.293000e+002
27  2.031000e+002
28  2.514000e+002
29  2.111000e+002
30  1.558000e+002
31  1.138000e+002
32  8.242000e+001
33  6.023000e+001
34  4.350000e+001
35  5.249000e+001
36  8.822000e+001
37  7.511000e+001
38  6.309000e+001
39  7.485000e+001
40  1.296000e+002
41  1.041000e+002
42  7.197000e+001
43  5.039000e+001
44  3.451000e+001
45  2.377000e+001
46  2.760000e+001
47  4.591000e+001
48  5.263000e+001
49  4.881000e+001
50  1.279000e+002
51  1.733000e+002
52  1.203000e+002
53  8.611000e+001
54  6.362000e+001
55  4.608000e+001
56  3.205000e+001
57  2.113000e+001
58  1.435000e+001
59  1.579000e+001
60  4.341000e+001
61  2.902000e+001
62  6.114000e+001
63  1.475000e+002
64  2.062000e+002
65  1.502000e+002
66  1.101000e+002
67  8.143000e+001
68  5.850000e+001
69  4.166000e+001
70  2.989000e+001
71  3.345000e+001
72  9.286000e+001
73  1.337000e+002
74  1.498000e+002
75  1.105000e+002
76  9.457000e+001
77  9.688000e+001
78  7.284000e+001
79  4.907000e+001
80  3.239000e+001
81  2.088000e+001
82  2.928000e+001
83  3.865000e+001
84  5.033000e+001
85  5.782000e+001
86  4.303000e+001
87  9.677000e+001
88  1.419000e+002
89  9.623000e+001
90  7.013000e+001
91  5.155000e+001
92  3.535000e+001
93  2.323000e+001
94  2.169000e+001
95  5.155000e+001
96  8.422000e+001
97  1.191000e+002
98  1.222000e+002
99  1.824000e+002
100  1.755000e+002
101  1.315000e+002
102  9.887000e+001
103  7.306000e+001
104  5.153000e+001
105  3.590000e+001
106  4.680000e+001
107  6.568000e+001
108  1.743000e+002
109  3.601000e+002
110  3.030000e+002
111  2.324000e+002
112  1.950000e+002
113  1.588000e+002
114  1.203000e+002
115  8.880000e+001
116  6.347000e+001
117  4.492000e+001
118  3.261000e+001
119  7.828000e+001
120  1.146000e+002
121  1.192000e+002
122  1.899000e+002
123  1.468000e+002
124  1.552000e+002
125  1.390000e+002
126  1.000000e+002
127  7.296000e+001
128  5.119000e+001
129  3.551000e+001
130  2.950000e+001
131  3.516000e+001
132  1.685000e+002
133  3.024000e+002
134  2.359000e+002
135  2.494000e+002
136  2.399000e+002
137  1.948000e+002
138  1.479000e+002
139  1.098000e+002
140  8.000000e+001
141  5.679000e+001
142  4.219000e+001
143  6.619000e+001
144  1.159000e+002
145  1.193000e+002
146  1.147000e+002
147  1.035000e+002
148  1.155000e+002
149  2.127000e+002
150  1.678000e+002
151  1.223000e+002
152  8.844000e+001
153  6.351000e+001
154  4.929000e+001
155  4.516000e+001
156  4.396000e+001
157  1.775000e+002
159  2.102000e+002
160  1.507000e+002
161  1.139000e+002
162  8.723000e+001
164  4.689000e+001
165  3.436000e+001
166  3.248000e+001
167  3.739000e+001
168  5.811000e+001
