   1 
1  1.624000e+002
2  1.497000e+002
3  1.468000e+002
4  2.381000e+002
5  1.304000e+002
6  1.168000e+002
7  1.069000e+002
8  9.715000e+001
9  8.606000e+001
10  8.516000e+001
11  1.154000e+002
12  9.640000e+001
13  2.084000e+002
14  4.212000e+002
15  4.065000e+002
16  4.415000e+002
17  3.078000e+002
18  2.841000e+002
19  2.625000e+002
20  2.412000e+002
21  2.207000e+002
22  2.136000e+002
23  2.173000e+002
24  2.318000e+002
25  2.140000e+002
26  2.550000e+002
27  2.895000e+002
28  2.416000e+002
29  2.486000e+002
30  2.100000e+002
31  1.919000e+002
32  1.744000e+002
33  1.591000e+002
34  1.469000e+002
35  1.851000e+002
36  1.971000e+002
37  1.472000e+002
38  1.475000e+002
39  1.853000e+002
40  2.294000e+002
41  1.594000e+002
42  1.409000e+002
43  1.282000e+002
44  1.154000e+002
45  1.044000e+002
46  1.158000e+002
47  1.377000e+002
48  1.311000e+002
49  1.007000e+002
50  2.651000e+002
51  1.397000e+002
52  1.166000e+002
53  1.051000e+002
54  9.709000e+001
55  8.802000e+001
56  7.893000e+001
57  6.865000e+001
58  6.559000e+001
59  7.840000e+001
60  1.085000e+002
61  7.335000e+001
62  8.917000e+001
63  1.347000e+002
64  1.385000e+002
65  9.129000e+001
66  8.089000e+001
67  7.301000e+001
68  6.427000e+001
69  5.749000e+001
70  5.243000e+001
71  8.723000e+001
72  1.418000e+002
73  1.355000e+002
74  1.258000e+002
75  1.331000e+002
76  1.978000e+002
77  1.915000e+002
78  1.585000e+002
79  1.427000e+002
80  1.290000e+002
81  1.167000e+002
82  1.283000e+002
83  1.425000e+002
84  1.462000e+002
85  1.458000e+002
86  1.228000e+002
87  1.712000e+002
88  1.628000e+002
89  1.267000e+002
90  1.159000e+002
91  1.060000e+002
92  9.504000e+001
93  8.425000e+001
94  9.092000e+001
95  1.215000e+002
96  1.171000e+002
97  1.503000e+002
98  1.375000e+002
99  2.228000e+002
100  1.739000e+002
101  1.436000e+002
102  1.304000e+002
103  1.191000e+002
104  1.072000e+002
105  9.568000e+001
106  1.168000e+002
107  1.683000e+002
108  2.089000e+002
109  1.984000e+002
110  1.547000e+002
111  1.358000e+002
112  1.236000e+002
113  1.158000e+002
114  1.034000e+002
115  9.359000e+001
116  8.420000e+001
117  7.302000e+001
118  6.768000e+001
119  1.767000e+002
120  1.124000e+002
121  1.433000e+002
122  1.279000e+002
123  1.184000e+002
124  1.175000e+002
125  9.442000e+001
126  8.636000e+001
127  7.822000e+001
128  6.946000e+001
129  6.001000e+001
130  6.319000e+001
131  6.973000e+001
132  1.851000e+002
133  1.195000e+002
134  1.288000e+002
135  1.273000e+002
136  1.330000e+002
137  9.613000e+001
138  8.624000e+001
139  7.747000e+001
140  6.962000e+001
141  6.100000e+001
142  5.583000e+001
143  8.717000e+001
144  9.172000e+001
145  6.016000e+001
146  7.077000e+001
147  6.968000e+001
148  7.062000e+001
149  7.266000e+001
150  4.476000e+001
151  3.920000e+001
152  3.294000e+001
153  2.648000e+001
154  2.664000e+001
155  4.780000e+001
156  4.291000e+001
157  2.244000e+002
158  1.557000e+002
159  1.199000e+002
160  9.726000e+001
161  9.056000e+001
162  8.389000e+001
163  7.557000e+001
164  6.657000e+001
165  6.029000e+001
166  6.445000e+001
167  8.392000e+001
168  8.447000e+001
