   1 
1  1.055000e+002
2  1.143000e+002
3  1.184000e+002
4  2.133000e+002
5  1.123000e+002
6  1.035000e+002
7  9.560000e+001
8  8.821000e+001
9  7.993000e+001
10  7.725000e+001
11  8.926000e+001
12  8.161000e+001
13  1.552000e+002
14  3.227000e+002
15  3.193000e+002
16  3.814000e+002
17  2.631000e+002
18  2.439000e+002
19  2.261000e+002
20  2.089000e+002
21  1.928000e+002
22  1.815000e+002
23  1.764000e+002
24  1.813000e+002
25  1.733000e+002
26  1.944000e+002
27  2.141000e+002
28  1.935000e+002
29  1.886000e+002
30  1.661000e+002
31  1.531000e+002
32  1.404000e+002
33  1.288000e+002
34  1.195000e+002
35  1.322000e+002
36  1.385000e+002
37  1.131000e+002
38  1.097000e+002
39  1.275000e+002
40  1.459000e+002
41  1.140000e+002
42  1.035000e+002
43  9.503000e+001
44  8.654000e+001
45  7.957000e+001
46  8.259000e+001
47  8.811000e+001
48  8.614000e+001
49  6.914000e+001
50  1.469000e+002
51  8.378000e+001
52  7.293000e+001
53  6.674000e+001
54  6.189000e+001
55  5.638000e+001
56  5.101000e+001
57  4.521000e+001
58  4.464000e+001
59  4.975000e+001
60  5.950000e+001
61  4.546000e+001
62  5.556000e+001
63  8.416000e+001
64  9.717000e+001
65  7.056000e+001
66  6.518000e+001
67  5.979000e+001
68  5.398000e+001
69  4.953000e+001
70  4.483000e+001
71  5.719000e+001
72  7.970000e+001
73  8.738000e+001
74  8.730000e+001
75  9.114000e+001
76  1.555000e+002
77  1.501000e+002
78  1.255000e+002
79  1.142000e+002
80  1.047000e+002
81  9.615000e+001
82  9.936000e+001
83  1.049000e+002
84  1.013000e+002
85  9.995000e+001
86  8.808000e+001
87  1.144000e+002
88  1.221000e+002
89  9.582000e+001
90  8.818000e+001
91  8.120000e+001
92  7.384000e+001
93  6.671000e+001
94  7.104000e+001
95  8.303000e+001
96  7.815000e+001
97  9.811000e+001
98  8.850000e+001
99  1.463000e+002
100  1.284000e+002
101  1.134000e+002
102  1.046000e+002
103  9.633000e+001
104  8.790000e+001
105  7.981000e+001
106  8.954000e+001
107  1.151000e+002
108  1.319000e+002
109  1.432000e+002
110  1.165000e+002
111  1.044000e+002
112  9.655000e+001
113  9.069000e+001
114  8.211000e+001
115  7.519000e+001
116  6.853000e+001
117  6.123000e+001
118  5.747000e+001
119  1.085000e+002
120  7.140000e+001
121  9.402000e+001
122  8.736000e+001
123  8.707000e+001
124  9.209000e+001
125  7.734000e+001
126  7.145000e+001
127  6.549000e+001
128  5.930000e+001
129  5.311000e+001
130  5.443000e+001
131  5.856000e+001
132  1.028000e+002
133  7.355000e+001
134  8.540000e+001
135  8.157000e+001
136  8.846000e+001
137  6.677000e+001
138  6.100000e+001
139  5.549000e+001
140  5.059000e+001
141  4.554000e+001
142  4.218000e+001
143  5.517000e+001
144  5.597000e+001
146  4.538000e+001
148  4.722000e+001
149  4.671000e+001
150  3.023000e+001
151  2.705000e+001
152  2.335000e+001
153  1.958000e+001
156  2.336000e+001
157  1.108000e+002
158  8.748000e+001
159  8.167000e+001
160  6.945000e+001
161  6.500000e+001
162  6.037000e+001
163  5.471000e+001
164  4.888000e+001
165  4.484000e+001
166  4.532000e+001
168  5.015000e+001
