   1 
1  8.230000e+001
2  8.599000e+001
3  1.373000e+002
4  1.076000e+002
5  7.611000e+001
6  5.638000e+001
7  4.096000e+001
8  2.907000e+001
9  2.024000e+001
10  1.659000e+001
11  3.018000e+001
12  2.506000e+001
13  8.393000e+001
14  2.484000e+002
15  2.780000e+002
16  2.789000e+002
17  2.051000e+002
18  1.540000e+002
19  1.157000e+002
20  8.599000e+001
21  6.385000e+001
22  5.086000e+001
23  4.465000e+001
24  6.700000e+001
25  7.857000e+001
26  1.279000e+002
27  1.992000e+002
28  2.509000e+002
29  2.114000e+002
30  1.573000e+002
31  1.158000e+002
32  8.500000e+001
33  6.309000e+001
34  4.663000e+001
35  5.141000e+001
36  8.493000e+001
37  7.613000e+001
38  6.254000e+001
39  6.893000e+001
40  1.203000e+002
41  1.009000e+002
42  7.224000e+001
43  5.161000e+001
44  3.653000e+001
45  2.631000e+001
46  2.789000e+001
47  4.317000e+001
48  5.284000e+001
49  4.871000e+001
50  1.227000e+002
51  1.721000e+002
52  1.211000e+002
53  8.773000e+001
54  6.527000e+001
55  4.794000e+001
56  3.443000e+001
57  2.405000e+001
58  1.740000e+001
59  1.626000e+001
60  2.828000e+001
61  2.545000e+001
62  5.773000e+001
63  1.399000e+002
64  1.987000e+002
65  1.490000e+002
66  1.101000e+002
67  8.181000e+001
68  5.964000e+001
69  4.348000e+001
70  3.210000e+001
71  3.308000e+001
72  8.191000e+001
73  1.265000e+002
74  1.454000e+002
75  1.083000e+002
76  9.157000e+001
77  9.240000e+001
78  7.132000e+001
79  4.897000e+001
80  3.370000e+001
81  2.323000e+001
82  2.790000e+001
83  3.745000e+001
84  4.853000e+001
85  5.566000e+001
86  4.366000e+001
87  9.071000e+001
88  1.312000e+002
89  9.361000e+001
90  6.937000e+001
91  5.128000e+001
92  3.648000e+001
93  2.560000e+001
94  2.335000e+001
95  4.841000e+001
96  7.970000e+001
97  1.141000e+002
98  1.190000e+002
99  1.737000e+002
100  1.717000e+002
101  1.304000e+002
102  9.869000e+001
103  7.363000e+001
104  5.350000e+001
105  3.864000e+001
106  4.399000e+001
107  5.691000e+001
108  1.619000e+002
109  3.553000e+002
110  3.000000e+002
111  2.320000e+002
112  1.938000e+002
113  1.577000e+002
114  1.204000e+002
115  8.960000e+001
116  6.565000e+001
117  4.763000e+001
118  3.540000e+001
119  7.394000e+001
120  1.109000e+002
121  1.148000e+002
122  1.880000e+002
123  1.459000e+002
124  1.508000e+002
125  1.363000e+002
126  1.001000e+002
127  7.379000e+001
128  5.343000e+001
129  3.846000e+001
130  3.240000e+001
131  3.371000e+001
132  1.495000e+002
133  2.895000e+002
134  2.304000e+002
135  2.444000e+002
136  2.349000e+002
137  1.910000e+002
138  1.459000e+002
139  1.090000e+002
140  8.046000e+001
141  5.900000e+001
142  4.458000e+001
143  6.081000e+001
144  1.077000e+002
145  1.154000e+002
146  1.080000e+002
147  1.003000e+002
148  1.119000e+002
149  2.078000e+002
150  1.666000e+002
151  1.225000e+002
152  8.987000e+001
153  6.625000e+001
154  5.225000e+001
155  4.553000e+001
156  4.343000e+001
157  1.549000e+002
158  2.841000e+002
159  2.001000e+002
160  1.435000e+002
161  1.075000e+002
162  8.148000e+001
163  6.111000e+001
164  4.451000e+001
165  3.287000e+001
166  3.211000e+001
167  3.406000e+001
168  4.875000e+001
