   1 
1  1.728000e+001
2  1.367000e+001
3  1.279000e+001
4  1.311000e+001
5  1.050000e+001
6  9.713000e+000
7  8.914000e+000
8  8.103000e+000
9  7.139000e+000
10  6.992000e+000
11  1.097000e+001
12  9.930000e+000
13  2.572000e+001
14  4.105000e+001
15  4.030000e+001
16  3.948000e+001
17  3.610000e+001
18  3.363000e+001
19  3.117000e+001
20  2.878000e+001
21  2.660000e+001
22  2.463000e+001
23  2.432000e+001
24  2.768000e+001
25  3.065000e+001
26  4.157000e+001
27  4.663000e+001
28  4.924000e+001
29  4.511000e+001
30  4.050000e+001
31  3.751000e+001
32  3.462000e+001
33  3.182000e+001
34  2.948000e+001
35  2.965000e+001
36  3.057000e+001
37  2.614000e+001
38  2.434000e+001
39  2.704000e+001
40  3.012000e+001
41  2.736000e+001
42  2.431000e+001
43  2.241000e+001
44  2.057000e+001
45  1.885000e+001
46  1.823000e+001
47  1.817000e+001
48  1.652000e+001
49  1.473000e+001
50  2.709000e+001
51  1.873000e+001
52  1.585000e+001
53  1.477000e+001
54  1.373000e+001
55  1.253000e+001
56  1.145000e+001
57  1.023000e+001
58  9.466000e+000
59  9.766000e+000
60  1.086000e+001
61  9.031000e+000
62  9.302000e+000
63  1.601000e+001
64  1.475000e+001
65  1.066000e+001
66  9.801000e+000
67  8.986000e+000
68  8.124000e+000
69  7.798000e+000
70  6.700000e+000
71  8.034000e+000
72  1.307000e+001
73  1.405000e+001
74  1.244000e+001
75  1.772000e+001
76  2.452000e+001
77  2.644000e+001
78  2.329000e+001
79  2.126000e+001
80  1.956000e+001
81  1.794000e+001
82  1.837000e+001
83  1.968000e+001
84  1.884000e+001
85  1.789000e+001
86  1.514000e+001
87  2.105000e+001
88  3.510000e+001
89  2.435000e+001
90  2.255000e+001
91  2.088000e+001
92  1.920000e+001
93  1.750000e+001
94  1.695000e+001
95  1.787000e+001
96  1.710000e+001
97  2.634000e+001
98  2.415000e+001
99  4.064000e+001
100  3.186000e+001
101  2.982000e+001
102  2.756000e+001
103  2.551000e+001
104  2.349000e+001
105  2.150000e+001
106  2.263000e+001
107  3.668000e+001
108  3.670000e+001
109  4.263000e+001
110  3.570000e+001
111  3.293000e+001
112  3.066000e+001
113  2.860000e+001
114  2.635000e+001
115  2.433000e+001
116  2.242000e+001
117  2.040000e+001
118  1.895000e+001
119  2.401000e+001
120  1.930000e+001
121  2.080000e+001
122  1.951000e+001
123  1.632000e+001
124  1.636000e+001
125  1.358000e+001
126  1.255000e+001
127  1.154000e+001
128  1.051000e+001
129  9.333000e+000
130  8.969000e+000
131  9.536000e+000
132  1.300000e+001
133  9.289000e+000
134  1.005000e+001
135  1.149000e+001
136  9.867000e+000
137  7.542000e+000
138  6.794000e+000
139  6.144000e+000
140  5.540000e+000
141  4.750000e+000
142  4.576000e+000
143  7.036000e+000
144  9.022000e+000
145  6.121000e+000
146  6.109000e+000
147  7.477000e+000
148  9.771000e+000
149  1.025000e+001
150  6.417000e+000
151  5.845000e+000
152  5.248000e+000
153  4.568000e+000
154  4.111000e+000
155  7.699000e+000
156  6.085000e+000
157  3.185000e+001
158  3.528000e+001
159  3.091000e+001
160  2.864000e+001
162  2.496000e+001
163  2.310000e+001
164  2.129000e+001
165  1.982000e+001
166  1.922000e+001
167  2.192000e+001
168  1.991000e+001
