   1 
1  1.891000e+000
2  2.998000e+000
3  3.082000e+000
4  8.422000e+000
5  2.687000e+000
6  2.496000e+000
7  2.314000e+000
8  2.167000e+000
9  2.028000e+000
10  1.996000e+000
11  2.112000e+000
12  2.030000e+000
13  2.749000e+000
14  8.911000e+000
15  9.259000e+000
16  1.168000e+001
17  5.212000e+000
18  4.831000e+000
19  4.496000e+000
20  4.182000e+000
21  3.899000e+000
22  3.667000e+000
23  3.398000e+000
24  3.159000e+000
25  3.061000e+000
26  2.826000e+000
27  3.057000e+000
28  2.346000e+000
29  2.186000e+000
30  1.996000e+000
31  1.849000e+000
32  1.706000e+000
33  1.579000e+000
34  1.466000e+000
35  2.055000e+000
36  1.758000e+000
37  1.399000e+000
38  1.208000e+000
39  1.382000e+000
40  1.090000e+000
41  8.756000e-001
42  8.110000e-001
43  7.489000e-001
44  6.881000e-001
45  7.022000e-001
46  8.095000e-001
47  1.036000e+000
48  7.107000e-001
49  6.128000e-001
50  9.664000e-001
51  5.372000e-001
52  4.691000e-001
53  3.515000e-001
54  3.192000e-001
55  2.930000e-001
56  2.668000e-001
57  2.429000e-001
58  3.959000e-001
59  6.066000e-001
60  7.851000e-001
61  5.737000e-001
62  9.410000e-001
63  1.174000e+000
64  1.836000e+000
65  1.252000e+000
66  1.162000e+000
67  1.082000e+000
68  1.002000e+000
69  9.331000e-001
70  8.655000e-001
71  1.195000e+000
72  1.670000e+000
73  1.737000e+000
74  1.901000e+000
75  1.370000e+000
76  4.720000e+000
77  3.223000e+000
78  2.630000e+000
79  2.415000e+000
80  2.243000e+000
81  2.090000e+000
82  1.992000e+000
83  2.228000e+000
84  1.911000e+000
85  1.759000e+000
86  1.859000e+000
87  2.859000e+000
88  1.792000e+000
89  1.562000e+000
90  1.434000e+000
91  1.327000e+000
92  1.226000e+000
93  1.134000e+000
94  1.333000e+000
95  1.599000e+000
96  1.115000e+000
97  1.383000e+000
98  1.211000e+000
99  1.468000e+000
100  1.870000e+000
101  1.312000e+000
102  1.201000e+000
103  1.113000e+000
104  1.029000e+000
105  9.520000e-001
106  1.052000e+000
107  1.268000e+000
108  1.109000e+000
109  2.170000e+000
110  1.166000e+000
111  8.837000e-001
112  8.167000e-001
113  7.615000e-001
114  6.559000e-001
115  6.041000e-001
116  5.554000e-001
117  5.100000e-001
118  4.921000e-001
119  1.679000e+000
120  7.227000e-001
121  9.808000e-001
122  8.348000e-001
123  1.311000e+000
124  1.585000e+000
125  1.133000e+000
126  1.049000e+000
127  9.754000e-001
128  9.018000e-001
129  8.348000e-001
130  9.038000e-001
131  1.025000e+000
132  2.224000e+000
133  1.337000e+000
134  1.863000e+000
135  1.531000e+000
136  2.256000e+000
137  1.431000e+000
138  1.324000e+000
139  1.228000e+000
140  1.139000e+000
141  1.119000e+000
142  1.005000e+000
143  1.382000e+000
144  1.210000e+000
145  8.784000e-001
146  1.035000e+000
147  1.028000e+000
148  8.150000e-001
149  8.253000e-001
150  5.433000e-001
151  5.001000e-001
152  4.580000e-001
153  4.206000e-001
154  3.923000e-001
155  4.408000e-001
156  4.818000e-001
157  6.520000e-001
158  4.281000e-001
159  6.593000e-001
160  2.740000e-001
161  2.287000e-001
162  2.181000e-001
163  1.916000e-001
164  1.720000e-001
165  1.721000e-001
166  2.211000e-001
167  1.935000e-001
168  4.137000e-001
