   1 
1  9.311000e+000
2  1.118000e+001
3  9.747000e+000
4  9.994000e+000
5  8.230000e+000
6  7.612000e+000
7  7.035000e+000
8  6.524000e+000
9  5.968000e+000
10  5.722000e+000
11  6.103000e+000
12  5.040000e+000
13  1.040000e+001
14  2.792000e+001
15  1.883000e+001
16  1.774000e+001
17  1.622000e+001
18  1.510000e+001
19  1.399000e+001
20  1.290000e+001
21  1.191000e+001
22  1.120000e+001
23  1.075000e+001
24  1.084000e+001
25  9.976000e+000
26  1.058000e+001
27  2.063000e+001
28  1.810000e+001
29  1.997000e+001
30  1.667000e+001
31  1.545000e+001
32  1.423000e+001
33  1.322000e+001
34  1.229000e+001
35  1.281000e+001
36  1.568000e+001
37  1.255000e+001
38  1.359000e+001
39  1.608000e+001
40  2.356000e+001
41  1.781000e+001
42  1.643000e+001
43  1.523000e+001
44  1.403000e+001
45  1.297000e+001
46  1.304000e+001
47  1.258000e+001
48  1.474000e+001
49  1.182000e+001
50  2.883000e+001
51  1.611000e+001
52  1.429000e+001
53  1.322000e+001
54  1.228000e+001
55  1.135000e+001
56  1.042000e+001
57  9.574000e+000
58  8.891000e+000
59  8.680000e+000
60  8.343000e+000
61  7.412000e+000
62  7.068000e+000
63  8.011000e+000
64  6.734000e+000
65  5.671000e+000
66  5.222000e+000
67  4.774000e+000
68  4.301000e+000
69  3.985000e+000
70  3.698000e+000
71  5.106000e+000
72  5.962000e+000
73  5.902000e+000
74  6.109000e+000
75  5.871000e+000
76  9.347000e+000
77  1.006000e+001
78  8.551000e+000
79  7.854000e+000
80  7.184000e+000
81  6.640000e+000
82  6.923000e+000
83  7.449000e+000
84  8.236000e+000
85  1.051000e+001
86  8.805000e+000
87  8.197000e+000
88  8.447000e+000
89  6.909000e+000
90  6.307000e+000
91  5.796000e+000
92  5.258000e+000
93  4.795000e+000
94  5.062000e+000
95  5.487000e+000
96  4.721000e+000
97  5.063000e+000
98  5.746000e+000
99  1.288000e+001
100  8.139000e+000
101  7.362000e+000
102  6.789000e+000
103  6.236000e+000
104  5.665000e+000
105  5.168000e+000
106  6.196000e+000
107  5.945000e+000
108  5.819000e+000
109  4.578000e+000
110  4.235000e+000
111  3.965000e+000
112  3.619000e+000
113  3.577000e+000
114  3.009000e+000
115  2.707000e+000
116  2.425000e+000
117  2.114000e+000
118  1.976000e+000
119  3.567000e+000
120  2.726000e+000
121  3.918000e+000
122  2.538000e+000
123  3.012000e+000
124  2.146000e+000
125  1.773000e+000
126  1.615000e+000
127  1.423000e+000
128  1.197000e+000
129  1.023000e+000
130  1.124000e+000
131  1.260000e+000
132  3.264000e+000
133  1.548000e+000
134  1.432000e+000
135  1.538000e+000
136  1.925000e+000
137  9.389000e-001
138  8.315000e-001
139  6.800000e-001
140  5.723000e-001
141  4.296000e-001
142  4.492000e-001
143  5.082000e-001
144  1.132000e+000
145  3.812000e-001
146  3.923000e-001
147  1.138000e+000
148  1.475000e+000
149  9.102000e-001
150  3.568000e-001
151  2.533000e-001
152  1.260000e-001
153  2.733000e-002
154  1.660000e-001
155  5.923000e-001
156  3.561000e-001
157  3.165000e+000
158  1.353000e+000
159  1.128000e+000
160  6.474000e-001
161  5.988000e-001
162  5.675000e-001
163  4.047000e-001
164  2.570000e-001
165  2.196000e-001
166  2.572000e-001
167  1.202000e+000
168  7.650000e-001
