   1 
1  3.699000e+000
2  5.751000e+000
3  6.397000e+000
4  1.642000e+001
5  6.354000e+000
6  5.894000e+000
7  5.457000e+000
8  5.050000e+000
9  4.649000e+000
10  4.468000e+000
11  4.500000e+000
12  4.208000e+000
13  5.314000e+000
14  1.717000e+001
15  1.743000e+001
16  2.390000e+001
17  1.211000e+001
18  1.120000e+001
19  1.040000e+001
20  9.618000e+000
21  8.908000e+000
22  8.343000e+000
23  7.711000e+000
24  7.161000e+000
25  6.781000e+000
26  6.347000e+000
27  6.392000e+000
28  5.288000e+000
29  4.951000e+000
30  4.544000e+000
31  4.182000e+000
32  3.801000e+000
33  3.476000e+000
34  3.229000e+000
35  3.918000e+000
36  3.595000e+000
37  3.098000e+000
38  2.787000e+000
39  2.982000e+000
40  2.494000e+000
41  2.143000e+000
42  1.985000e+000
43  1.802000e+000
44  1.603000e+000
45  1.518000e+000
46  1.635000e+000
47  1.872000e+000
48  1.445000e+000
49  1.247000e+000
50  1.755000e+000
51  1.167000e+000
52  1.056000e+000
53  8.938000e-001
54  8.160000e-001
55  7.210000e-001
56  6.134000e-001
57  5.148000e-001
58  6.968000e-001
59  9.603000e-001
60  1.325000e+000
61  1.068000e+000
62  1.681000e+000
63  2.303000e+000
64  3.830000e+000
65  3.068000e+000
66  2.853000e+000
67  2.627000e+000
68  2.383000e+000
69  2.174000e+000
70  2.017000e+000
71  2.389000e+000
72  3.130000e+000
73  3.351000e+000
74  4.238000e+000
75  3.409000e+000
76  8.631000e+000
77  7.364000e+000
78  5.998000e+000
79  5.523000e+000
80  5.073000e+000
81  4.700000e+000
82  4.445000e+000
83  4.603000e+000
84  4.050000e+000
85  3.761000e+000
86  3.832000e+000
87  5.257000e+000
88  4.230000e+000
89  3.823000e+000
90  3.515000e+000
91  3.234000e+000
92  2.938000e+000
93  2.683000e+000
94  2.856000e+000
95  3.196000e+000
96  2.565000e+000
97  2.934000e+000
98  2.709000e+000
99  3.089000e+000
100  4.043000e+000
101  3.280000e+000
102  3.017000e+000
103  2.761000e+000
104  2.493000e+000
105  2.267000e+000
106  2.340000e+000
107  2.554000e+000
108  2.388000e+000
109  3.987000e+000
110  2.813000e+000
111  2.355000e+000
112  2.190000e+000
113  2.059000e+000
114  1.829000e+000
115  1.655000e+000
116  1.478000e+000
117  1.308000e+000
118  1.264000e+000
119  2.895000e+000
120  1.824000e+000
121  2.113000e+000
122  2.007000e+000
123  2.665000e+000
124  3.528000e+000
125  2.905000e+000
126  2.682000e+000
127  2.462000e+000
128  2.222000e+000
129  2.013000e+000
130  2.064000e+000
131  2.170000e+000
132  3.813000e+000
133  3.255000e+000
134  4.016000e+000
135  3.723000e+000
136  4.960000e+000
137  3.546000e+000
138  3.270000e+000
139  2.994000e+000
140  2.750000e+000
141  2.566000e+000
142  2.363000e+000
143  2.776000e+000
144  2.473000e+000
145  2.085000e+000
146  2.262000e+000
147  2.163000e+000
148  1.846000e+000
149  1.841000e+000
150  1.394000e+000
152  1.094000e+000
153  9.641000e-001
154  9.214000e-001
155  9.643000e-001
156  9.417000e-001
157  1.134000e+000
158  7.966000e-001
159  1.047000e+000
160  5.584000e-001
161  5.082000e-001
162  4.605000e-001
163  3.753000e-001
164  2.820000e-001
165  2.549000e-001
166  2.921000e-001
