   1 
1  6.438000e+000
2  5.175000e+000
3  4.353000e+000
4  3.621000e+000
5  2.715000e+000
6  1.454000e+000
7  8.139000e-001
8  4.203000e-001
9  1.556000e-001
10  5.243000e-001
11  2.161000e+000
12  2.367000e+000
13  6.206000e+000
14  1.523000e+001
15  1.609000e+001
16  2.003000e+001
17  1.455000e+001
18  1.066000e+001
19  7.908000e+000
20  5.826000e+000
21  4.285000e+000
22  3.449000e+000
23  2.809000e+000
24  2.883000e+000
25  3.618000e+000
26  8.031000e+000
27  1.457000e+001
28  1.811000e+001
29  1.397000e+001
30  1.013000e+001
31  7.200000e+000
32  5.174000e+000
33  3.761000e+000
34  2.769000e+000
35  4.919000e+000
36  1.601000e+001
37  1.569000e+001
38  1.178000e+001
39  9.844000e+000
40  8.940000e+000
41  7.689000e+000
42  5.163000e+000
43  3.609000e+000
44  2.506000e+000
45  1.725000e+000
46  2.258000e+000
47  5.000000e+000
48  1.110000e+001
49  1.269000e+001
50  3.104000e+001
51  4.730000e+001
52  3.526000e+001
53  2.616000e+001
54  1.970000e+001
55  1.487000e+001
56  1.113000e+001
57  8.327000e+000
58  6.264000e+000
59  4.991000e+000
60  5.189000e+000
61  4.931000e+000
62  5.207000e+000
63  9.103000e+000
64  1.435000e+001
65  9.814000e+000
66  6.964000e+000
67  5.067000e+000
68  3.638000e+000
69  2.640000e+000
70  2.046000e+000
71  2.460000e+000
72  1.483000e+001
73  3.097000e+001
74  3.491000e+001
75  2.617000e+001
76  2.085000e+001
77  2.152000e+001
78  1.721000e+001
79  1.269000e+001
80  9.349000e+000
81  6.944000e+000
82  6.082000e+000
83  6.424000e+000
84  8.532000e+000
85  7.227000e+000
86  6.663000e+000
87  9.228000e+000
88  9.069000e+000
89  6.362000e+000
90  4.609000e+000
91  3.361000e+000
92  2.368000e+000
93  1.650000e+000
94  1.506000e+000
95  3.189000e+000
96  4.001000e+000
97  6.797000e+000
98  1.436000e+001
99  2.362000e+001
100  1.912000e+001
101  1.382000e+001
102  1.024000e+001
103  7.633000e+000
104  5.605000e+000
105  4.121000e+000
106  3.662000e+000
107  5.503000e+000
108  1.359000e+001
109  2.520000e+001
110  2.287000e+001
111  1.866000e+001
112  1.359000e+001
113  1.024000e+001
114  7.630000e+000
115  5.561000e+000
116  4.031000e+000
117  2.893000e+000
118  2.186000e+000
119  7.310000e+000
120  1.459000e+001
121  1.155000e+001
122  1.235000e+001
123  9.774000e+000
124  8.826000e+000
125  6.045000e+000
126  4.216000e+000
127  3.008000e+000
128  2.087000e+000
129  1.422000e+000
130  1.701000e+000
131  2.006000e+000
132  2.788000e+001
133  6.498000e+001
134  5.160000e+001
135  4.328000e+001
136  3.646000e+001
137  2.881000e+001
138  2.155000e+001
139  1.617000e+001
140  1.211000e+001
141  9.066000e+000
142  6.863000e+000
143  8.545000e+000
144  1.459000e+001
145  1.839000e+001
146  1.516000e+001
147  1.258000e+001
148  1.416000e+001
149  2.384000e+001
150  1.894000e+001
151  1.390000e+001
152  1.027000e+001
153  7.652000e+000
154  5.993000e+000
156  5.347000e+000
157  2.105000e+001
158  3.592000e+001
159  2.667000e+001
160  1.949000e+001
161  1.456000e+001
162  1.095000e+001
163  8.220000e+000
165  4.546000e+000
166  4.139000e+000
167  4.033000e+000
168  5.435000e+000
