   1 
1  2.788000e+001
2  2.589000e+001
3  2.282000e+001
4  2.196000e+001
5  1.808000e+001
6  1.516000e+001
7  1.392000e+001
8  1.279000e+001
9  1.165000e+001
10  1.266000e+001
11  1.715000e+001
12  1.428000e+001
13  3.316000e+001
14  6.434000e+001
15  5.536000e+001
16  4.387000e+001
17  3.884000e+001
18  3.615000e+001
19  3.346000e+001
20  3.082000e+001
21  2.840000e+001
22  2.770000e+001
23  3.025000e+001
24  2.913000e+001
25  2.858000e+001
26  3.694000e+001
27  5.751000e+001
28  4.192000e+001
29  5.435000e+001
30  4.127000e+001
31  3.735000e+001
32  3.433000e+001
33  3.201000e+001
34  2.984000e+001
35  4.153000e+001
36  4.631000e+001
37  3.155000e+001
38  3.294000e+001
39  4.477000e+001
40  5.429000e+001
41  3.850000e+001
42  3.508000e+001
43  3.242000e+001
44  2.974000e+001
45  2.750000e+001
46  3.295000e+001
47  3.862000e+001
48  3.926000e+001
49  2.843000e+001
50  9.807000e+001
51  5.013000e+001
52  4.298000e+001
53  3.993000e+001
54  3.713000e+001
55  3.433000e+001
56  3.157000e+001
57  2.901000e+001
58  2.698000e+001
59  2.810000e+001
60  2.912000e+001
61  2.659000e+001
62  2.640000e+001
63  3.575000e+001
64  2.569000e+001
65  1.875000e+001
66  1.709000e+001
67  1.564000e+001
68  1.412000e+001
69  1.358000e+001
70  1.254000e+001
71  2.258000e+001
72  3.968000e+001
73  3.236000e+001
74  3.195000e+001
75  3.612000e+001
76  3.743000e+001
77  4.042000e+001
78  3.368000e+001
79  3.049000e+001
80  2.794000e+001
81  2.577000e+001
82  3.174000e+001
83  3.819000e+001
84  4.183000e+001
85  4.105000e+001
86  3.641000e+001
87  5.359000e+001
88  3.882000e+001
89  3.344000e+001
90  3.091000e+001
91  2.855000e+001
92  2.615000e+001
93  2.402000e+001
94  2.515000e+001
95  3.106000e+001
96  2.812000e+001
97  3.125000e+001
98  3.672000e+001
99  5.053000e+001
100  3.286000e+001
101  2.912000e+001
102  2.695000e+001
103  2.483000e+001
104  2.267000e+001
105  2.079000e+001
106  2.594000e+001
107  3.029000e+001
108  4.047000e+001
109  3.649000e+001
110  3.062000e+001
111  2.498000e+001
112  2.253000e+001
113  2.132000e+001
114  1.860000e+001
115  1.688000e+001
116  1.542000e+001
117  1.391000e+001
118  1.313000e+001
119  3.463000e+001
120  2.057000e+001
121  2.438000e+001
122  1.728000e+001
123  1.986000e+001
124  1.697000e+001
125  1.217000e+001
126  1.122000e+001
127  9.984000e+000
128  8.896000e+000
129  7.976000e+000
130  1.000000e+001
131  1.098000e+001
132  6.632000e+001
133  3.706000e+001
134  3.795000e+001
135  3.764000e+001
136  3.489000e+001
137  2.799000e+001
138  2.568000e+001
139  2.361000e+001
140  2.170000e+001
141  2.008000e+001
142  1.893000e+001
143  2.788000e+001
144  3.177000e+001
145  1.868000e+001
146  2.204000e+001
147  2.262000e+001
148  2.164000e+001
149  2.493000e+001
150  1.728000e+001
151  1.584000e+001
152  1.437000e+001
153  1.308000e+001
156  1.537000e+001
157  6.336000e+001
158  3.467000e+001
159  3.044000e+001
160  2.609000e+001
161  2.437000e+001
162  2.263000e+001
163  2.076000e+001
164  1.892000e+001
165  1.775000e+001
167  2.004000e+001
168  2.329000e+001
