   1 
1  1.488000e+001
2  1.840000e+001
3  1.620000e+001
4  1.692000e+001
5  1.383000e+001
6  1.284000e+001
7  1.191000e+001
8  1.106000e+001
9  1.021000e+001
10  9.692000e+000
11  9.900000e+000
12  8.443000e+000
13  1.762000e+001
14  5.056000e+001
15  3.083000e+001
16  2.946000e+001
17  2.715000e+001
18  2.530000e+001
19  2.351000e+001
20  2.177000e+001
21  2.018000e+001
22  1.887000e+001
23  1.790000e+001
24  1.770000e+001
25  1.633000e+001
26  1.704000e+001
27  3.388000e+001
28  3.040000e+001
29  3.415000e+001
30  2.849000e+001
31  2.647000e+001
32  2.451000e+001
33  2.279000e+001
34  2.119000e+001
35  2.122000e+001
36  2.512000e+001
37  2.097000e+001
38  2.222000e+001
39  2.726000e+001
40  4.069000e+001
41  3.027000e+001
42  2.806000e+001
43  2.607000e+001
44  2.412000e+001
45  2.237000e+001
46  2.184000e+001
47  2.096000e+001
48  2.517000e+001
49  1.942000e+001
50  5.133000e+001
51  2.708000e+001
52  2.384000e+001
53  2.211000e+001
54  2.054000e+001
55  1.904000e+001
56  1.758000e+001
57  1.624000e+001
58  1.508000e+001
59  1.442000e+001
60  1.379000e+001
61  1.237000e+001
62  1.175000e+001
63  1.270000e+001
64  1.103000e+001
65  9.543000e+000
66  8.816000e+000
67  8.122000e+000
68  7.427000e+000
69  6.895000e+000
70  6.402000e+000
71  7.794000e+000
72  9.046000e+000
73  9.072000e+000
74  1.013000e+001
75  9.537000e+000
76  1.619000e+001
77  1.707000e+001
78  1.486000e+001
79  1.375000e+001
80  1.269000e+001
81  1.178000e+001
82  1.173000e+001
83  1.230000e+001
84  1.326000e+001
85  1.696000e+001
86  1.477000e+001
87  1.358000e+001
88  1.407000e+001
89  1.159000e+001
90  1.067000e+001
91  9.860000e+000
92  9.050000e+000
93  8.332000e+000
94  8.377000e+000
95  8.755000e+000
96  7.728000e+000
97  8.094000e+000
98  8.925000e+000
99  2.248000e+001
100  1.369000e+001
101  1.253000e+001
102  1.161000e+001
103  1.074000e+001
104  9.877000e+000
105  9.104000e+000
106  1.000000e+001
107  9.569000e+000
108  9.391000e+000
109  7.796000e+000
110  7.242000e+000
111  6.763000e+000
112  6.205000e+000
113  5.991000e+000
114  5.241000e+000
115  4.790000e+000
116  4.373000e+000
117  3.946000e+000
118  3.671000e+000
119  5.342000e+000
120  4.390000e+000
121  5.843000e+000
122  4.337000e+000
123  4.665000e+000
124  3.613000e+000
125  3.085000e+000
126  2.838000e+000
127  2.574000e+000
128  2.287000e+000
129  2.051000e+000
130  2.067000e+000
131  2.114000e+000
132  4.554000e+000
133  2.622000e+000
134  2.413000e+000
135  2.473000e+000
136  2.952000e+000
137  1.699000e+000
138  1.543000e+000
139  1.359000e+000
140  1.212000e+000
141  1.043000e+000
142  1.011000e+000
143  1.039000e+000
144  1.729000e+000
145  8.621000e-001
146  8.567000e-001
148  2.039000e+000
150  8.010000e-001
151  6.816000e-001
152  5.406000e-001
153  4.244000e-001
154  5.215000e-001
155  9.349000e-001
156  7.264000e-001
158  2.128000e+000
159  1.789000e+000
160  1.207000e+000
161  1.111000e+000
162  1.051000e+000
163  8.702000e-001
164  7.122000e-001
165  6.515000e-001
166  6.656000e-001
167  1.706000e+000
168  1.212000e+000
