   1 
1  1.872000e+001
2  2.422000e+001
3  2.762000e+001
4  5.774000e+001
5  2.988000e+001
6  2.771000e+001
7  2.563000e+001
8  2.387000e+001
9  2.166000e+001
10  2.079000e+001
11  2.188000e+001
12  1.979000e+001
13  2.688000e+001
14  6.472000e+001
15  7.634000e+001
16  9.740000e+001
17  6.523000e+001
18  6.072000e+001
19  5.629000e+001
20  5.208000e+001
21  4.814000e+001
22  4.505000e+001
23  4.213000e+001
24  4.003000e+001
25  3.676000e+001
26  3.494000e+001
27  3.525000e+001
28  2.907000e+001
29  2.736000e+001
30  2.498000e+001
31  2.294000e+001
32  2.087000e+001
33  1.903000e+001
34  1.762000e+001
35  2.031000e+001
36  2.004000e+001
37  1.646000e+001
38  1.508000e+001
39  1.596000e+001
40  1.324000e+001
41  1.151000e+001
42  1.076000e+001
43  9.685000e+000
44  8.614000e+000
45  7.980000e+000
46  8.372000e+000
47  9.343000e+000
48  7.570000e+000
49  6.356000e+000
50  9.336000e+000
51  5.782000e+000
52  5.355000e+000
53  4.573000e+000
54  4.188000e+000
55  3.685000e+000
56  3.143000e+000
57  2.533000e+000
58  3.187000e+000
59  4.257000e+000
60  7.104000e+000
61  5.088000e+000
62  7.385000e+000
63  1.151000e+001
64  1.731000e+001
65  1.401000e+001
66  1.303000e+001
67  1.197000e+001
68  1.081000e+001
69  9.782000e+000
70  8.988000e+000
71  1.111000e+001
72  1.535000e+001
73  1.717000e+001
74  2.055000e+001
75  1.703000e+001
76  3.348000e+001
77  3.348000e+001
78  2.801000e+001
79  2.569000e+001
80  2.356000e+001
81  2.169000e+001
82  2.154000e+001
83  2.124000e+001
84  1.917000e+001
85  1.755000e+001
86  1.737000e+001
87  2.406000e+001
88  2.140000e+001
89  1.891000e+001
90  1.743000e+001
91  1.604000e+001
92  1.456000e+001
93  1.319000e+001
94  1.415000e+001
95  1.599000e+001
96  1.437000e+001
97  1.976000e+001
98  1.731000e+001
99  2.049000e+001
100  2.533000e+001
101  2.180000e+001
102  2.012000e+001
103  1.849000e+001
104  1.683000e+001
105  1.531000e+001
106  1.553000e+001
107  1.951000e+001
108  2.048000e+001
109  2.980000e+001
110  2.365000e+001
111  2.116000e+001
112  1.979000e+001
113  1.842000e+001
114  1.676000e+001
115  1.535000e+001
116  1.397000e+001
117  1.254000e+001
118  1.184000e+001
119  1.885000e+001
120  1.381000e+001
121  1.485000e+001
122  1.449000e+001
123  1.626000e+001
124  2.015000e+001
125  1.695000e+001
126  1.565000e+001
127  1.438000e+001
128  1.303000e+001
129  1.173000e+001
130  1.176000e+001
131  1.273000e+001
132  2.169000e+001
133  1.912000e+001
134  2.146000e+001
135  2.105000e+001
136  2.468000e+001
137  1.899000e+001
138  1.753000e+001
139  1.605000e+001
140  1.473000e+001
141  1.353000e+001
142  1.247000e+001
143  1.454000e+001
144  1.332000e+001
145  1.084000e+001
146  1.143000e+001
147  1.086000e+001
148  9.780000e+000
149  9.410000e+000
150  7.290000e+000
151  6.541000e+000
152  5.741000e+000
153  4.993000e+000
154  4.676000e+000
155  4.952000e+000
157  7.736000e+000
158  4.266000e+000
159  4.895000e+000
160  3.042000e+000
161  2.838000e+000
162  2.669000e+000
163  2.134000e+000
164  1.657000e+000
165  1.588000e+000
166  1.594000e+000
167  1.703000e+000
168  2.444000e+000
