   1 
1  6.352000e+001
2  8.168000e+001
3  1.333000e+002
4  1.031000e+002
5  7.629000e+001
6  5.789000e+001
7  4.281000e+001
8  3.140000e+001
9  2.310000e+001
10  1.938000e+001
11  2.574000e+001
12  2.375000e+001
13  6.388000e+001
14  2.241000e+002
15  2.638000e+002
16  2.738000e+002
17  2.045000e+002
18  1.541000e+002
19  1.162000e+002
20  8.721000e+001
21  6.565000e+001
22  5.159000e+001
23  4.235000e+001
24  5.434000e+001
25  7.173000e+001
26  1.137000e+002
27  1.915000e+002
28  2.494000e+002
29  2.095000e+002
30  1.577000e+002
31  1.170000e+002
32  8.712000e+001
33  6.547000e+001
34  4.953000e+001
35  5.042000e+001
36  7.797000e+001
37  7.289000e+001
38  5.832000e+001
39  6.307000e+001
40  1.048000e+002
41  9.510000e+001
42  7.177000e+001
43  5.293000e+001
44  3.880000e+001
45  2.889000e+001
46  2.684000e+001
47  3.596000e+001
48  4.587000e+001
49  4.590000e+001
50  1.078000e+002
51  1.661000e+002
52  1.213000e+002
53  8.908000e+001
54  6.653000e+001
55  4.967000e+001
56  3.676000e+001
57  2.708000e+001
58  2.032000e+001
59  1.768000e+001
60  2.444000e+001
61  2.160000e+001
62  4.704000e+001
63  1.274000e+002
64  1.856000e+002
65  1.471000e+002
66  1.106000e+002
67  8.271000e+001
68  6.155000e+001
69  4.613000e+001
70  3.516000e+001
71  3.263000e+001
72  7.328000e+001
73  1.168000e+002
74  1.428000e+002
75  1.074000e+002
76  8.457000e+001
77  8.554000e+001
78  6.783000e+001
79  4.938000e+001
80  3.592000e+001
81  2.636000e+001
82  2.678000e+001
83  3.084000e+001
84  3.720000e+001
85  4.324000e+001
86  3.955000e+001
87  7.632000e+001
88  1.228000e+002
89  9.154000e+001
90  6.900000e+001
91  5.143000e+001
92  3.788000e+001
93  2.799000e+001
94  2.440000e+001
95  4.511000e+001
96  7.192000e+001
97  9.452000e+001
98  1.115000e+002
99  1.649000e+002
100  1.662000e+002
101  1.292000e+002
102  9.855000e+001
103  7.413000e+001
104  5.517000e+001
105  4.121000e+001
106  4.056000e+001
107  4.445000e+001
108  1.407000e+002
109  3.431000e+002
110  2.955000e+002
111  2.302000e+002
112  1.930000e+002
113  1.569000e+002
114  1.203000e+002
115  9.013000e+001
116  6.728000e+001
117  5.030000e+001
118  3.827000e+001
119  6.391000e+001
120  1.034000e+002
121  1.023000e+002
122  1.751000e+002
123  1.410000e+002
124  1.457000e+002
125  1.346000e+002
126  1.001000e+002
127  7.442000e+001
128  5.523000e+001
129  4.115000e+001
130  3.412000e+001
131  3.030000e+001
132  1.331000e+002
133  2.809000e+002
134  2.254000e+002
135  2.398000e+002
136  2.266000e+002
137  1.890000e+002
138  1.458000e+002
139  1.097000e+002
140  8.226000e+001
141  6.175000e+001
142  4.750000e+001
143  5.782000e+001
144  8.942000e+001
145  1.017000e+002
146  8.981000e+001
147  9.118000e+001
148  1.049000e+002
149  1.988000e+002
150  1.640000e+002
151  1.214000e+002
152  9.025000e+001
153  6.778000e+001
154  5.254000e+001
155  4.366000e+001
156  4.092000e+001
157  1.228000e+002
158  2.535000e+002
159  1.897000e+002
160  1.385000e+002
161  1.035000e+002
162  7.810000e+001
163  5.870000e+001
164  4.365000e+001
165  3.292000e+001
166  2.918000e+001
167  3.076000e+001
168  4.199000e+001
