   1 
1  1.302000e+001
2  1.535000e+001
3  1.341000e+001
4  1.363000e+001
5  1.135000e+001
6  1.053000e+001
7  9.749000e+000
8  9.033000e+000
9  8.316000e+000
10  7.951000e+000
11  8.312000e+000
12  6.929000e+000
13  1.451000e+001
14  3.636000e+001
15  2.537000e+001
16  2.380000e+001
17  2.182000e+001
18  2.032000e+001
19  1.886000e+001
20  1.743000e+001
21  1.613000e+001
22  1.511000e+001
23  1.442000e+001
24  1.456000e+001
25  1.339000e+001
26  1.442000e+001
27  2.785000e+001
28  2.431000e+001
29  2.675000e+001
30  2.242000e+001
31  2.080000e+001
32  1.922000e+001
33  1.786000e+001
34  1.661000e+001
35  1.703000e+001
36  2.128000e+001
37  1.718000e+001
38  1.838000e+001
39  2.201000e+001
40  3.126000e+001
41  2.386000e+001
42  2.208000e+001
43  2.049000e+001
44  1.892000e+001
45  1.753000e+001
46  1.733000e+001
47  1.688000e+001
48  1.998000e+001
49  1.610000e+001
50  3.813000e+001
51  2.174000e+001
52  1.932000e+001
53  1.791000e+001
54  1.663000e+001
55  1.540000e+001
56  1.419000e+001
57  1.308000e+001
58  1.214000e+001
59  1.170000e+001
60  1.131000e+001
61  1.002000e+001
62  9.580000e+000
63  1.077000e+001
64  9.278000e+000
65  7.865000e+000
66  7.258000e+000
67  6.669000e+000
68  6.066000e+000
69  5.622000e+000
70  5.225000e+000
71  6.781000e+000
72  8.509000e+000
73  8.409000e+000
74  8.697000e+000
75  8.218000e+000
76  1.302000e+001
77  1.365000e+001
78  1.175000e+001
79  1.084000e+001
80  9.970000e+000
81  9.235000e+000
82  9.356000e+000
83  1.028000e+001
84  1.136000e+001
85  1.453000e+001
86  1.221000e+001
87  1.127000e+001
88  1.168000e+001
89  9.609000e+000
90  8.825000e+000
91  8.137000e+000
92  7.437000e+000
93  6.824000e+000
94  6.972000e+000
95  7.559000e+000
96  6.583000e+000
97  7.158000e+000
98  8.070000e+000
99  1.749000e+001
100  1.126000e+001
101  1.022000e+001
102  9.450000e+000
103  8.718000e+000
104  7.979000e+000
105  7.326000e+000
106  8.398000e+000
107  8.165000e+000
108  8.218000e+000
109  6.626000e+000
110  6.151000e+000
111  5.735000e+000
112  5.264000e+000
113  5.114000e+000
114  4.429000e+000
115  4.026000e+000
116  3.653000e+000
117  3.263000e+000
118  3.040000e+000
119  4.864000e+000
120  3.912000e+000
121  5.602000e+000
122  4.104000e+000
123  4.417000e+000
124  3.391000e+000
125  2.877000e+000
126  2.643000e+000
127  2.383000e+000
128  2.096000e+000
129  1.863000e+000
130  1.899000e+000
131  1.950000e+000
132  4.659000e+000
133  2.622000e+000
134  2.364000e+000
135  2.433000e+000
136  2.998000e+000
137  1.706000e+000
138  1.546000e+000
139  1.350000e+000
140  1.198000e+000
141  1.017000e+000
142  9.861000e-001
143  1.022000e+000
144  1.743000e+000
145  8.296000e-001
146  8.047000e-001
147  1.684000e+000
148  2.066000e+000
149  1.561000e+000
150  7.800000e-001
151  6.522000e-001
152  4.989000e-001
153  3.736000e-001
154  4.836000e-001
155  9.048000e-001
156  7.150000e-001
157  4.430000e+000
158  2.385000e+000
159  1.980000e+000
160  1.385000e+000
161  1.281000e+000
162  1.206000e+000
163  1.004000e+000
164  8.215000e-001
165  7.452000e-001
167  1.834000e+000
168  1.329000e+000
