   1 
1  1.588000e+002
2  1.500000e+002
3  1.447000e+002
4  2.359000e+002
5  1.316000e+002
6  1.186000e+002
7  1.089000e+002
8  9.968000e+001
9  8.904000e+001
10  8.807000e+001
11  1.165000e+002
12  9.756000e+001
13  2.006000e+002
14  4.048000e+002
15  3.958000e+002
16  4.388000e+002
17  3.081000e+002
18  2.848000e+002
19  2.634000e+002
20  2.427000e+002
21  2.227000e+002
22  2.149000e+002
23  2.172000e+002
24  2.314000e+002
25  2.102000e+002
26  2.499000e+002
27  2.862000e+002
28  2.420000e+002
29  2.494000e+002
30  2.115000e+002
31  1.935000e+002
32  1.767000e+002
33  1.619000e+002
34  1.497000e+002
35  1.847000e+002
36  1.970000e+002
37  1.491000e+002
38  1.485000e+002
39  1.826000e+002
40  2.258000e+002
41  1.597000e+002
42  1.425000e+002
43  1.302000e+002
44  1.180000e+002
45  1.073000e+002
46  1.178000e+002
47  1.365000e+002
48  1.296000e+002
49  1.019000e+002
50  2.570000e+002
51  1.376000e+002
52  1.180000e+002
53  1.070000e+002
54  9.902000e+001
55  9.011000e+001
56  8.146000e+001
57  7.168000e+001
58  6.884000e+001
59  7.981000e+001
60  1.029000e+002
61  7.315000e+001
62  8.822000e+001
63  1.306000e+002
64  1.319000e+002
65  9.159000e+001
66  8.244000e+001
67  7.480000e+001
68  6.666000e+001
69  6.041000e+001
70  5.545000e+001
71  8.819000e+001
72  1.364000e+002
73  1.265000e+002
74  1.214000e+002
75  1.281000e+002
76  1.953000e+002
77  1.922000e+002
78  1.596000e+002
79  1.440000e+002
80  1.310000e+002
81  1.192000e+002
82  1.288000e+002
83  1.439000e+002
84  1.463000e+002
85  1.458000e+002
86  1.248000e+002
87  1.726000e+002
88  1.622000e+002
89  1.280000e+002
90  1.174000e+002
91  1.078000e+002
92  9.744000e+001
93  8.710000e+001
94  9.332000e+001
95  1.200000e+002
96  1.104000e+002
97  1.433000e+002
98  1.321000e+002
99  2.075000e+002
100  1.646000e+002
101  1.423000e+002
102  1.306000e+002
103  1.195000e+002
104  1.084000e+002
105  9.725000e+001
106  1.169000e+002
107  1.627000e+002
108  2.057000e+002
109  1.980000e+002
110  1.543000e+002
111  1.368000e+002
112  1.247000e+002
113  1.168000e+002
114  1.047000e+002
115  9.518000e+001
116  8.632000e+001
117  7.572000e+001
118  7.058000e+001
119  1.701000e+002
120  1.084000e+002
121  1.387000e+002
122  1.237000e+002
123  1.184000e+002
124  1.177000e+002
125  9.566000e+001
126  8.794000e+001
127  7.989000e+001
128  7.167000e+001
129  6.274000e+001
130  6.586000e+001
131  7.111000e+001
132  1.758000e+002
133  1.146000e+002
134  1.294000e+002
135  1.267000e+002
136  1.329000e+002
137  9.696000e+001
138  8.759000e+001
139  7.916000e+001
140  7.178000e+001
141  6.360000e+001
142  5.872000e+001
143  8.613000e+001
144  9.031000e+001
146  7.116000e+001
147  6.943000e+001
148  6.999000e+001
149  7.154000e+001
150  4.630000e+001
151  4.115000e+001
152  3.544000e+001
153  2.932000e+001
154  2.955000e+001
156  4.391000e+001
157  2.067000e+002
158  1.389000e+002
159  1.175000e+002
160  9.764000e+001
162  8.450000e+001
163  7.635000e+001
164  6.803000e+001
165  6.202000e+001
166  6.648000e+001
167  7.869000e+001
168  8.138000e+001
