   1 
1  2.548000e+002
2  2.390000e+002
3  2.873000e+002
4  3.483000e+002
5  2.041000e+002
6  1.692000e+002
7  1.434000e+002
8  1.208000e+002
9  9.980000e+001
10  9.538000e+001
11  1.416000e+002
12  1.180000e+002
13  2.980000e+002
14  6.864000e+002
15  7.029000e+002
16  7.310000e+002
17  5.127000e+002
18  4.361000e+002
19  3.756000e+002
20  3.233000e+002
21  2.795000e+002
22  2.603000e+002
23  2.641000e+002
24  3.078000e+002
25  2.971000e+002
26  3.900000e+002
27  4.974000e+002
28  4.935000e+002
29  4.595000e+002
30  3.644000e+002
31  3.038000e+002
32  2.539000e+002
33  2.158000e+002
34  1.868000e+002
35  2.387000e+002
36  2.871000e+002
37  2.199000e+002
38  2.097000e+002
39  2.657000e+002
40  3.671000e+002
41  2.641000e+002
42  2.115000e+002
43  1.765000e+002
44  1.469000e+002
45  1.243000e+002
46  1.413000e+002
47  1.853000e+002
48  1.842000e+002
49  1.474000e+002
50  4.006000e+002
51  3.147000e+002
52  2.351000e+002
53  1.889000e+002
54  1.583000e+002
55  1.314000e+002
56  1.077000e+002
57  8.573000e+001
58  7.558000e+001
59  9.211000e+001
60  1.595000e+002
61  1.027000e+002
62  1.518000e+002
63  2.879000e+002
64  3.528000e+002
65  2.414000e+002
66  1.892000e+002
67  1.524000e+002
68  1.198000e+002
69  9.545000e+001
70  7.845000e+001
71  1.194000e+002
72  2.433000e+002
73  2.794000e+002
74  2.801000e+002
75  2.480000e+002
76  2.962000e+002
77  2.906000e+002
78  2.315000e+002
79  1.911000e+002
80  1.595000e+002
81  1.348000e+002
82  1.568000e+002
83  1.797000e+002
84  1.968000e+002
85  2.039000e+002
86  1.637000e+002
87  2.686000e+002
88  3.075000e+002
89  2.219000e+002
90  1.841000e+002
91  1.554000e+002
92  1.273000e+002
93  1.037000e+002
94  1.092000e+002
95  1.735000e+002
96  2.058000e+002
97  2.750000e+002
98  2.636000e+002
99  4.195000e+002
100  3.577000e+002
101  2.772000e+002
102  2.303000e+002
103  1.927000e+002
104  1.583000e+002
105  1.304000e+002
106  1.659000e+002
107  2.422000e+002
108  3.900000e+002
109  5.601000e+002
110  4.584000e+002
111  3.672000e+002
112  3.179000e+002
113  2.738000e+002
114  2.224000e+002
115  1.805000e+002
116  1.450000e+002
117  1.144000e+002
118  9.645000e+001
119  2.614000e+002
120  2.312000e+002
121  2.663000e+002
122  3.210000e+002
123  2.654000e+002
124  2.739000e+002
125  2.330000e+002
126  1.849000e+002
127  1.495000e+002
128  1.180000e+002
129  9.202000e+001
130  8.921000e+001
131  1.042000e+002
132  3.679000e+002
133  4.296000e+002
134  3.648000e+002
135  3.782000e+002
136  3.750000e+002
137  2.911000e+002
138  2.331000e+002
139  1.855000e+002
140  1.470000e+002
141  1.145000e+002
142  9.431000e+001
143  1.556000e+002
144  2.109000e+002
145  1.785000e+002
146  1.862000e+002
147  1.734000e+002
148  1.871000e+002
149  2.875000e+002
150  2.107000e+002
151  1.590000e+002
152  1.180000e+002
153  8.616000e+001
154  7.196000e+001
155  9.156000e+001
156  8.581000e+001
157  4.234000e+002
158  4.890000e+002
159  3.350000e+002
160  2.502000e+002
161  2.067000e+002
162  1.732000e+002
163  1.429000e+002
166  9.581000e+001
168  1.491000e+002
