   1 
3  6.187000e-003
4  1.692000e-003
8  5.470000e-004
12  1.415000e-002
22  2.191000e-003
24  6.074000e-003
33  0.000000e+000
53  0.000000e+000
56  0.000000e+000
63  3.471000e-002
68  0.000000e+000
72  1.145000e-002
83  8.435000e-003
86  1.394000e-002
89  0.000000e+000
98  3.915000e-002
106  5.927000e-003
109  1.615000e-003
115  0.000000e+000
120  1.429000e-004
125  1.523000e-004
130  7.607000e-003
132  1.934000e-002
134  4.034000e-003
140  0.000000e+000
144  7.328000e-003
147  1.747000e-002
151  0.000000e+000
156  6.924000e-003
