   1 
3  9.318000e+001
4  1.699000e+002
8  3.578000e+001
11  3.030000e+001
20  3.678000e+001
22  3.470000e+001
30  1.613000e+001
33  1.452000e+001
51  1.207000e+002
56  3.239000e+000
63  1.553000e+001
68  2.026000e+001
72  1.920000e+001
79  2.917000e+001
86  2.323000e+001
88  6.581000e+001
100  4.386000e+001
106  1.243000e+001
110  1.320000e+001
115  9.948000e+000
118  9.039000e+000
124  2.083000e+001
130  1.700000e+001
132  2.065000e+001
134  3.829000e+001
138  2.811000e+001
152  1.663000e+001
156  1.426000e+001
