Echo of SUFI2_make_input.cpp program
--------------------------------------
number of parameters=   48
number of simulation=   1
1   v__CNCOEF.bsn     0.503000     0.503000
2   v__CANMX.hru______FRSD,FRST,RNGB,EUCA     9.090000     9.090000
3   v__ICN.bsn     1.000000     1.000000
4   r__CN2.mgt________1,5,7,9,12-18,20     -0.441000     -0.441000
5   v__ESCO.hru________1,5,7,9,12-18,20     0.488750     0.488750
6   v__GW_DELAY.gw________1,5,7,9,12-18,20     243.500000     243.500000
7   v__GWQMN.gw________1,5,7,9,12-18,20     2790.000000     2790.000000
8   v__GW_REVAP.gw________1,5,7,9,12-18,20     0.076550     0.076550
9   v__REVAPMN.gw________1,5,7,9,12-18,20     448.500000     448.500000
10   v__RCHRG_DP.gw________1,5,7,9,12-18,20     0.073700     0.073700
11   v__ALPHA_BF.gw________1,5,7,9,12-18,20     0.935825     0.935825
12   v__SHALLST.gw________1,5,7,9,12-18,20     1732.500000     1732.500000
13   v__GWHT.gw________1,5,7,9,12-18,20     7.950000     7.950000
14   v__DEEPST.gw________1,5,7,9,12-18,20     27625.000000     27625.000000
15   v__GW_SPYLD.gw________1,5,7,9,12-18,20     0.389500     0.389500
16   v__LAT_TTIME.hru________1,5,7,9,12-18,20     16.625000     16.625000
17   r__OV_N.hru________1,5,7,9,12-18,20     -0.075000     -0.075000
18   r__SLSUBBSN.hru________1,5,7,9,12-18,20     0.079000     0.079000
19   r__HRU_SLP.hru________1,5,7,9,12-18,20     -0.077000     -0.077000
20   v__SURLAG.bsn________1,5,7,9,12-18,20     5.965250     5.965250
21   r__SOL_K().sol________1,5,7,9,12-18,20     0.062000     0.062000
22   r__SOL_AWC().sol________1,5,7,9,12-18,20     0.030000     0.030000
23   r__CH_N2.rte________1,5,7,9,12-18,20     0.083000     0.083000
24   r__CH_K2.rte________1,5,7,9,12-18,20     -0.065000     -0.065000
25   r__CN2.mgt________2,3,4,6,8,10,11     -0.598500     -0.598500
26   v__ALPHA_BF.gw________2,3,4,6,8,10,11     0.120000     0.120000
27   v__GW_DELAY.gw________2,3,4,6,8,10,11     110.370003     110.370003
28   v__GWQMN.gw________2,3,4,6,8,10,11     4454.000000     4454.000000
29   v__GW_REVAP.gw________2,3,4,6,8,10,11     0.080000     0.080000
30   v__REVAPMN.gw________2,3,4,6,8,10,11     407.000000     407.000000
31   v__RCHRG_DP.gw________2,3,4,6,8,10,11     0.030000     0.030000
32   v__ALPHA_BF.gw________2,3,4,6,8,10,11     0.120000     0.120000
33   v__ESCO.hru________2,3,4,6,8,10,11     0.690000     0.690000
34   r__OV_N.hru________2,3,4,6,8,10,11     0.010000     0.010000
35   r__HRU_SLP.hru________2,3,4,6,8,10,11     -0.020000     -0.020000
36   r__SOL_K().sol________2,3,4,6,8,10,11     0.160000     0.160000
37   r__CH_N2.rte________2,3,4,6,8,10,11     -0.040000     -0.040000
38   v__SHALLST.gw________2,3,4,6,8,10,11     76250.000000     76250.000000
39   v__DEEPST.gw________2,3,4,6,8,10,11     31250.000000     31250.000000
40   v__LAT_TTIME.hru________2,3,4,6,8,10,11     23.230000     23.230000
41   v__SURLAG.bsn________2,3,4,6,8,10,11     2.125000     2.125000
42   r__CN2.mgt________19,21,22,23,24,25,26,27,28,29,30,31,32,33,34,35,36,37     -0.250000     -0.250000
43   v__GW_DELAY.gw________19,21,22,23,24,25,26,27,28,29,30,31,32,33,34,35,36,37     403.750000     403.750000
44   v__ESCO.hru________19,21,22,23,24,25,26,27,28,29,30,31,32,33,34,35,36,37     0.585500     0.585500
45   v__SHALLST.gw________19,21,22,23,24,25,26,27,28,29,30,31,32,33,34,35,36,37     1637.500000     1637.500000
46   v__GWQMN.gw________19,21,22,23,24,25,26,27,28,29,30,31,32,33,34,35,36,37     1047.500000     1047.500000
47   v__ALPHA_BF.gw________19,21,22,23,24,25,26,27,28,29,30,31,32,33,34,35,36,37     0.472250     0.472250
48   v__LAT_TTIME.hru________19,21,22,23,24,25,26,27,28,29,30,31,32,33,34,35,36,37     4.260000     4.260000
