
FLOW_OUT_5
observed    simulated
109.9790      132.2000    
101.7740      139.8000    
99.9940       138.3000    
90.8820       145.4000    
86.0630       143.4000    
78.5510       139.8000    
74.1110       136.6000    
73.1240       133.8000    
71.0530       131.4000    
73.7550       129.3000    
84.4770       132.5000    
83.2720       132.7000    
123.4360      149.0000    
160.9040      179.7000    
143.7730      190.0000    
116.5510      191.3000    
90.8050       184.0000    
84.0770       177.2000    
81.0910       171.3000    
79.2160       165.8000    
75.4930       161.0000    
76.1320       156.9000    
79.0740       156.3000    
96.5990       165.4000    
99.5620       169.0000    
120.5160      191.8000    
125.3760      193.9000    
96.6050       191.9000    
96.1350       188.6000    
81.1680       183.7000    
73.1490       177.5000    
70.4870       172.0000    
67.8180       167.2000    
66.1570       163.1000    
81.0020       162.6000    
98.2850       177.6000    
80.2800       184.1000    
88.8270       190.6000    
103.4940      186.6000    
133.4920      199.3000    
89.4220       199.0000    
78.5350       194.0000    
75.1300       186.7000    
70.8020       179.8000    
70.4430       173.6000    
77.0320       169.9000    
91.4030       174.6000    
84.4300       181.9000    
86.4450       181.0000    
113.4070      207.2000    
90.6610       213.8000    
81.0730       205.2000    
76.7160       196.6000    
73.8230       188.6000    
72.2050       181.2000    
69.3990       174.1000    
67.6430       167.5000    
67.3750       161.2000    
71.7790       155.9000    
85.1050       156.5000    
80.7690       156.1000    
112.3280      163.5000    
105.6350      169.4000    
95.3010       180.7000    
75.0690       173.9000    
68.6650       165.5000    
66.1590       157.8000    
63.0340       150.6000    
59.5660       144.0000    
58.9960       137.9000    
71.1900       134.3000    
99.8840       143.6000    
92.2690       159.2000    
90.4090       166.3000    
90.3030       159.0000    
104.5110      164.7000    
109.1870      169.2000    
82.7720       166.8000    
73.7470       160.6000    
68.8060       154.3000    
65.3600       148.6000    
80.2620       145.5000    
102.5800      150.9000    
99.5610       157.2000    
101.7820      166.0000    
83.1760       169.7000    
114.8840      172.9000    
99.1100       176.6000    
80.1720       169.2000    
73.5960       161.3000    
69.7490       154.1000    
67.5440       147.5000    
65.0070       141.6000    
70.9810       136.9000    
92.4580       136.9000    
92.3500       141.5000    
111.2660      156.7000    
105.5070      165.3000    
128.6850      169.3000    
101.9730      169.0000    
82.8770       161.8000    
77.3700       155.1000    
71.8670       149.1000    
67.5560       143.5000    
63.7760       138.4000    
80.8990       137.6000    
95.5380       150.6000    
122.6670      170.3000    
121.3770      190.0000    
102.8350      188.1000    
95.6610       181.8000    
84.3000       174.7000    
78.5220       168.3000    
73.5870       163.2000    
69.6590       158.9000    
65.4780       155.5000    
63.1280       152.6000    
61.5890       150.4000    
97.1200       157.4000    
95.4760       167.6000    
101.6350      174.9000    
90.0040       197.8000    
87.1300       187.5000    
96.3450       188.3000    
74.0230       185.6000    
69.4140       180.9000    
65.5620       176.6000    
62.0480       172.7000    
59.3840       169.1000    
60.7860       166.5000    
69.1870       167.7000    
121.2570      197.2000    
97.5910       222.8000    
99.1680       228.5000    
108.6530      223.6000    
104.9610      226.3000    
81.9690       221.0000    
76.6550       214.3000    
73.3320       208.1000    
68.8760       202.2000    
66.4410       196.7000    
65.7790       191.5000    
89.2070       194.3000    
106.6060      215.6000    
74.6720       229.5000    
96.5150       252.6000    
96.8010       238.1000    
99.2570       233.1000    
95.3480       234.0000    
71.9200       223.7000    
67.8870       214.3000    
63.9540       205.6000    
60.9060       197.9000    
61.5180       191.2000    
71.0310       186.4000    
70.9530       187.2000    
175.7110      212.9000    
105.1710      250.2000    
76.0500       243.8000    
67.7340       233.6000    
64.0980       223.0000    
63.2090       213.3000    
60.8510       204.4000    
58.6750       196.0000    
57.9710       188.4000    
64.8990       186.3000    
67.6710       182.7000    
72.3900       186.1000    


FLOW_OUT_8
observed    simulated
112.9440      111.4000    
105.2220      122.7000    
103.3690      120.6000    
91.0360       113.7000    
87.1050       115.8000    
78.1160       115.8000    
75.1050       115.8000    
73.2110       115.4000    
71.1600       114.7000    
75.0940       114.1000    
88.2590       114.6000    
87.7980       114.6000    
129.8580      148.4000    
155.6480      128.7000    
147.1940      145.2000    
110.4850      127.8000    
90.2040       127.4000    
83.6840       126.9000    
80.3340       126.4000    
77.2660       125.6000    
74.0310       124.5000    
76.9090       123.4000    
81.5610       122.0000    
101.5710      121.4000    
105.0480      139.6000    
128.1380      167.1000    
140.5870      182.8000    
112.7090      133.0000    
108.8820      150.0000    
87.6050       136.3000    
80.1460       136.3000    
76.4750       136.1000    
75.3980       135.8000    
73.6350       135.0000    
96.7830       202.1000    
110.6210      198.8000    
89.3460       143.6000    
103.1240      147.1000    
117.2040      146.0000    
132.1260      143.4000    
90.5430       143.2000    
78.2420       140.6000    
74.6510       137.7000    
70.9860       134.7000    
71.2220       131.4000    
78.8370       129.5000    
96.3220       164.1000    
88.7260       133.7000    
89.6150       132.7000    
121.1220      304.3000    
87.6750       144.2000    
79.2310       141.5000    
73.0190       138.2000    
70.1330       134.9000    
68.8620       131.3000    
65.7200       127.5000    
62.8120       123.6000    
62.9680       119.5000    
68.2940       115.4000    
83.3320       117.0000    
81.7570       111.6000    
114.4890      111.1000    
108.2680      136.9000    
97.4680       115.3000    
78.1470       112.0000    
71.4580       108.8000    
68.9080       105.8000    
67.0030       102.9000    
66.2630       100.0000    
65.2250       97.2000     
81.0190       110.3000    
108.6720      176.9000    
98.4650       158.9000    
94.4580       118.8000    
96.6000       152.9000    
108.0460      116.7000    
109.6270      118.9000    
83.2420       118.0000    
74.5360       116.4000    
69.3870       114.5000    
66.9900       112.3000    
88.5370       110.3000    
107.0190      109.7000    
106.4290      118.8000    
103.9140      115.2000    
82.9710       116.1000    
116.1610      112.4000    
95.5940       111.4000    
77.4020       109.2000    
71.6720       107.3000    
69.2040       105.6000    
67.3190       103.8000    
64.8450       101.9000    
75.2910       100.1000    
97.0190       126.8000    
97.6400       105.4000    
113.0820      103.9000    
108.7010      183.3000    
124.2440      112.7000    
98.2280       112.3000    
79.6270       110.9000    
74.5330       109.3000    
71.4900       107.6000    
68.7280       105.7000    
65.4720       103.7000    
85.5210       102.0000    
101.0650      132.1000    
122.5550      169.0000    
124.5080      165.5000    
103.0800      162.6000    
96.7100       122.0000    
83.6590       124.2000    
78.9570       126.7000    
73.4100       129.2000    
70.2990       131.2000    
68.1580       132.8000    
66.4260       133.8000    
65.6750       134.2000    
105.0240      191.6000    
95.5000       144.0000    
104.8340      162.8000    
83.6420       152.4000    
88.6220       153.5000    
90.2760       150.9000    
73.4490       150.2000    
70.1640       149.3000    
67.6570       148.3000    
65.3750       146.9000    
63.2670       145.1000    
67.8700       144.0000    
75.1570       146.9000    
117.3780      404.6000    
86.3430       175.2000    
91.9650       204.7000    
95.3200       202.4000    
95.8340       174.9000    
76.9900       172.7000    
71.2550       169.7000    
68.6150       166.6000    
65.7290       163.1000    
63.7430       159.5000    
63.7320       155.6000    
85.4720       199.8000    
96.1840       208.2000    
74.5600       157.2000    
94.3170       170.0000    
91.7070       163.8000    
94.4230       170.8000    
89.8730       161.3000    
70.4150       155.4000    
66.1930       152.9000    
62.6070       150.3000    
59.5130       147.5000    
60.7220       144.6000    
72.1220       141.8000    
69.0980       154.7000    
151.0890      237.4000    
95.5890       157.2000    
79.4910       156.3000    
70.3260       152.0000    
66.6660       148.8000    
66.0140       145.6000    
64.9810       142.3000    
63.6120       138.8000    
63.5070       135.2000    
69.4980       132.9000    
75.2940       130.9000    
79.0260       178.9000    


FLOW_OUT_11
observed    simulated
39.1010       14.2200     
38.6700       15.4500     
38.1700       15.8500     
33.5580       16.7900     
31.6440       16.2300     
27.1390       14.1200     
25.8880       12.1300     
24.9200       10.3900     
23.9820       8.9270      
25.9440       8.3150      
31.2850       9.4420      
31.1420       10.3300     
45.5560       13.9000     
57.9310       21.1900     
55.2720       23.1300     
38.8160       24.1300     
32.3900       20.9500     
29.1750       18.0300     
28.2260       15.5200     
26.8700       13.3300     
25.3170       11.4700     
26.7310       10.1600     
29.1320       9.0310      
36.9620       9.2340      
38.5460       11.4600     
44.1700       17.5600     
50.1100       22.1400     
39.7700       23.6200     
38.8940       22.3800     
31.5420       21.0600     
29.6500       18.1100     
27.7480       15.5300     
25.0950       13.3400     
24.4650       11.4700     
37.1020       12.8500     
39.7250       23.0400     
30.9230       24.4600     
35.9820       22.0300     
41.7110       20.5300     
46.0680       21.2000     
32.9430       20.5300     
28.5510       17.6700     
27.2250       15.1900     
25.5930       13.0100     
25.4500       11.1800     
27.2840       10.9000     
36.1190       14.3100     
34.5150       20.2200     
34.6710       20.8300     
48.2380       31.8800     
33.8680       37.5400     
29.9440       32.7100     
26.6870       28.2200     
22.9580       24.3400     
21.8560       20.9900     
21.1810       18.0600     
20.1260       15.5800     
20.5260       13.4400     
23.5660       11.7300     
29.4720       12.6700     
30.6150       13.7300     
42.3670       15.3800     
38.3140       19.3300     
35.6640       23.3400     
28.5760       20.1500     
23.1260       17.3300     
21.7630       14.9100     
20.9700       12.7900     
21.0160       11.0000     
20.8940       9.4830      
27.0300       10.0300     
41.1180       20.7500     
37.3010       30.0100     
36.2910       33.7000     
36.7570       31.8400     
43.5470       31.3600     
43.2500       30.2100     
30.5010       26.5400     
26.1820       22.8700     
23.7870       19.6500     
22.9580       16.9300     
34.9280       14.9900     
39.7540       15.3200     
40.9800       19.0100     
39.0730       19.2100     
30.8850       20.5800     
45.7950       20.7500     
33.9400       19.5000     
26.9950       16.8000     
25.5110       14.4500     
23.1620       12.4300     
22.5650       10.6600     
21.3690       9.1670      
27.7660       8.0220      
38.2440       10.1000     
43.5430       13.1900     
44.2510       15.7600     
40.9500       21.8200     
45.1110       26.1300     
41.7030       23.6300     
27.9510       20.4000     
26.7280       17.5600     
25.1360       15.1100     
23.4720       12.9700     
21.7890       11.1600     
28.9440       10.1600     
34.5350       13.8900     
40.9740       20.7300     
46.3770       28.1800     
41.5040       29.0700     
33.5430       27.9300     
28.9900       24.6100     
27.3620       21.5800     
25.4490       18.8500     
24.1670       16.2200     
23.2640       13.9200     
22.0800       11.9700     
22.8180       10.3100     
37.6450       14.8900     
34.0280       20.1100     
37.7190       18.8100     
29.9920       20.6800     
34.7380       19.1200     
33.8450       19.9200     
25.7470       17.2800     
24.0820       14.8700     
22.6960       12.7800     
21.1770       10.9600     
20.3620       9.4200      
21.9490       9.0450      
24.5050       9.7790      
40.3440       27.7300     
33.5520       43.7300     
36.4040       41.2800     
37.5030       42.0200     
37.6390       39.4100     
27.7750       34.8600     
24.0830       30.1800     
22.2260       26.0600     
20.7960       22.4500     
20.2720       19.3900     
20.2600       16.7500     
29.1440       19.1900     
42.6600       25.5600     
29.1820       27.0800     
37.2840       26.9500     
34.6460       25.2700     
46.5850       25.1000     
43.4870       27.6200     
28.0820       23.9800     
25.4620       20.7000     
24.5530       17.8200     
23.5000       15.3700     
24.6370       13.3300     
29.1350       13.7800     
59.1400       24.6200     
33.7960       30.6100     
31.1320       27.5200     
26.2590       24.3100     
24.8450       21.0100     
24.4140       18.1500     
23.9800       15.6900     
23.2660       11.6900     
25.1830       10.9100     
25.8500       11.8800     
27.2620       14.9800     


FLOW_OUT_13
observed    simulated
124.8170      120.8000    
111.4090      131.2000    
110.2510      131.3000    
100.3440      137.0000    
90.7470       140.2000    
82.0090       142.0000    
77.7070       142.9000    
75.0930       143.0000    
72.1360       143.0000    
75.3660       142.2000    
88.3740       141.6000    
85.5840       141.3000    
129.7620      141.7000    
180.6170      147.9000    
153.8980      157.9000    
130.3860      172.5000    
91.7540       177.1000    
82.9140       179.7000    
79.3720       180.6000    
76.0940       180.4000    
72.7280       179.3000    
74.0880       177.5000    
78.2840       176.6000    
103.8030      181.1000    
108.6410      181.7000    
133.5750      190.8000    
155.6000      192.1000    
119.7240      197.0000    
116.2750      199.1000    
98.6090       199.5000    
85.5870       198.6000    
79.9690       196.8000    
75.7080       194.3000    
74.0370       191.4000    
91.7310       189.6000    
118.3450      191.1000    
95.2490       192.7000    
106.6260      201.0000    
126.4260      198.5000    
169.4860      209.6000    
100.8780      216.1000    
84.3040       218.2000    
79.8320       217.6000    
75.0360       215.5000    
73.2300       212.5000    
79.1040       209.3000    
98.5220       208.5000    
91.0070       207.6000    
93.3970       207.4000    
125.1590      218.4000    
101.7880      216.5000    
86.3860       218.7000    
80.2920       218.6000    
76.1010       216.9000    
74.4990       214.1000    
72.0780       210.3000    
69.6360       206.0000    
68.7930       201.2000    
72.6230       196.6000    
92.9430       203.6000    
87.6580       203.5000    
127.0410      202.9000    
125.0490      208.8000    
118.4050      214.4000    
83.7340       215.1000    
78.1860       213.2000    
76.6650       209.9000    
71.9040       205.5000    
67.9780       200.3000    
66.1850       194.7000    
80.7180       189.2000    
115.0070      189.8000    
102.9270      195.0000    
100.5350      204.5000    
97.0730       197.0000    
119.5860      197.9000    
123.2160      200.2000    
87.8120       200.3000    
79.7210       198.5000    
74.4250       195.5000    
71.1380       191.7000    
86.0620       188.6000    
120.9360      187.0000    
114.0450      185.3000    
118.8340      187.0000    
91.8600       193.4000    
113.0350      189.2000    
98.7390       197.2000    
76.6420       198.8000    
71.5470       197.3000    
68.7250       194.6000    
66.3300       190.8000    
63.2270       186.4000    
69.0570       181.7000    
95.9140       179.0000    
96.7210       178.9000    
111.8750      179.5000    
106.0780      187.3000    
131.2530      188.2000    
101.4160      192.5000    
77.7270       191.9000    
72.5310       189.9000    
68.4010       186.9000    
64.9210       183.2000    
61.6340       179.0000    
78.6810       176.7000    
94.2190       180.2000    
121.9480      187.6000    
117.7420      193.2000    
102.5620      197.6000    
93.1270       199.5000    
83.7330       199.8000    
75.7880       199.1000    
71.2410       196.8000    
67.5620       193.9000    
64.8180       190.4000    
63.2050       186.9000    
63.1340       183.2000    
95.6880       182.3000    
96.7890       185.1000    
95.0230       188.4000    
92.1630       199.8000    
81.0110       194.7000    
94.7260       198.8000    
71.9090       202.2000    
67.2500       201.9000    
64.4030       200.5000    
61.7460       198.5000    
59.5830       196.0000    
63.5910       193.2000    
71.0680       192.0000    
115.6520      200.8000    
98.8160       218.2000    
86.3950       231.4000    
99.1830       227.5000    
96.2770       231.8000    
75.0900       235.8000    
69.1130       236.5000    
65.8710       235.6000    
63.1750       233.7000    
59.9710       230.9000    
60.2790       227.5000    
82.6670       226.0000    
98.9630       229.5000    
98.2020       234.7000    
120.4870      251.4000    
119.3490      247.0000    
121.3640      249.3000    
122.9950      253.5000    
91.8190       252.9000    
86.4500       250.5000    
81.5970       246.8000    
77.0300       242.2000    
77.7940       237.0000    
91.6290       232.1000    
95.1280       229.3000    
214.3280      236.8000    
90.5170       269.9000    
80.6420       271.5000    
74.7590       270.6000    
73.4620       267.7000    
70.5190       257.9000    
70.2910       251.7000    
81.9200       245.3000    
85.6050       239.8000    
93.2600       238.1000    


FLOW_OUT_14
observed    simulated
330.7380      254.9000    
313.4500      270.9000    
289.3300      273.2000    
284.3600      281.2000    
229.1830      287.9000    
203.0150      294.2000    
189.4540      300.0000    
184.5430      305.4000    
178.0160      310.2000    
184.8610      314.5000    
225.8590      319.0000    
221.5750      323.3000    
302.8080      357.8000    
444.4710      406.9000    
430.5840      395.7000    
423.5850      377.0000    
286.1140      389.4000    
228.8880      400.5000    
213.4720      410.4000    
202.5810      419.0000    
189.0590      426.2000    
190.7190      432.4000    
211.9960      438.1000    
293.9400      444.2000    
288.1670      459.1000    
341.1490      482.8000    
397.9120      472.2000    
371.0750      479.8000    
312.1870      487.5000    
261.0810      494.3000    
221.4350      500.5000    
203.5280      505.9000    
189.6700      510.5000    
188.7720      514.4000    
230.6960      520.2000    
319.8360      523.1000    
321.5930      527.5000    
275.2890      550.8000    
331.5280      536.4000    
423.5490      549.9000    
364.9800      553.0000    
267.5340      560.3000    
234.3960      566.4000    
214.3870      571.5000    
200.4640      575.4000    
230.2430      578.1000    
301.3690      581.8000    
287.8400      594.1000    
273.7050      585.8000    
319.0320      684.8000    
326.4190      594.4000    
236.4650      597.1000    
204.7360      598.9000    
185.4610      599.6000    
183.1220      599.3000    
174.7080      597.9000    
163.7320      595.4000    
160.2390      591.9000    
170.7650      587.7000    
255.0860      614.5000    
230.2550      585.2000    
297.8590      588.0000    
327.6610      588.5000    
353.3090      665.8000    
248.4380      587.3000    
195.0250      586.8000    
183.9840      585.0000    
173.4080      582.0000    
160.2680      577.8000    
160.1610      572.6000    
186.5100      566.7000    
296.3670      570.9000    
318.9590      601.7000    
303.7740      591.5000    
275.0610      598.0000    
313.9020      570.4000    
344.3270      569.0000    
276.2740      567.4000    
209.4890      564.5000    
184.9770      560.3000    
169.0360      555.2000    
200.9330      549.9000    
296.7640      544.1000    
283.4610      537.9000    
294.4290      532.4000    
239.2050      545.9000    
289.8290      520.7000    
305.0000      516.7000    
215.1030      513.2000    
187.8980      509.4000    
176.4060      505.2000    
168.4770      500.5000    
158.8940      495.5000    
165.5030      490.3000    
240.4640      489.0000    
284.5890      484.9000    
325.3480      507.8000    
323.3200      510.7000    
374.4690      628.6000    
366.1020      505.9000    
244.4260      509.6000    
201.8490      512.1000    
186.3680      513.5000    
175.6050      513.8000    
161.4370      513.2000    
198.6360      512.1000    
262.1540      526.4000    
341.5680      516.6000    
381.1750      519.8000    
314.5490      523.1000    
255.8320      525.4000    
222.8900      527.1000    
190.7320      528.3000    
183.7110      528.8000    
173.2730      528.6000    
166.0780      527.7000    
158.8250      526.1000    
155.5900      523.9000    
232.7330      554.6000    
319.9510      526.0000    
247.3480      599.2000    
324.7030      551.4000    
215.1950      533.4000    
262.8590      535.5000    
200.4010      537.4000    
171.0710      538.7000    
163.3240      539.3000    
155.7090      539.2000    
148.9760      538.3000    
156.8130      536.8000    
173.8800      535.0000    
263.6070      587.4000    
347.8660      543.6000    
219.0910      568.4000    
276.1660      552.6000    
287.9700      556.7000    
211.3510      560.2000    
173.8310      562.6000    
165.5030      563.5000    
158.4370      563.2000    
151.9360      561.6000    
145.5540      558.9000    
193.5590      556.2000    
253.2100      554.3000    
255.5040      552.6000    
263.0390      573.6000    
271.8490      557.4000    
282.9990      556.6000    
297.0040      553.5000    
208.3190      552.7000    
193.4040      551.0000    
184.6290      548.1000    
172.0930      544.4000    
162.7900      539.7000    
185.9710      534.6000    
208.4110      529.4000    
332.1100      722.3000    
442.1050      538.7000    
220.8700      555.1000    
176.4450      555.5000    
152.0290      560.9000    
149.5590      564.4000    
149.6000      566.1000    
169.1950      561.1000    
212.9160      556.5000    


FLOW_OUT_17
observed    simulated
233.0920      171.3000    
205.0850      184.0000    
188.9680      185.0000    
191.7210      194.2000    
139.9590      197.3000    
125.7310      200.1000    
115.2970      202.5000    
112.1300      204.8000    
106.4910      206.9000    
110.3380      209.0000    
141.5510      211.8000    
138.2360      215.2000    
199.1130      222.1000    
277.0700      255.2000    
286.2930      260.8000    
268.9880      268.4000    
173.0360      271.5000    
143.0990      274.2000    
132.3530      276.8000    
123.7900      279.5000    
114.9300      282.2000    
115.9700      285.3000    
135.2780      289.6000    
193.5870      296.4000    
177.6560      304.3000    
217.3240      329.1000    
255.6840      330.6000    
232.6100      335.9000    
194.5890      340.4000    
156.5510      343.9000    
132.6560      346.8000    
120.2580      349.3000    
111.4640      351.3000    
111.0850      352.8000    
139.6890      355.2000    
211.4280      357.8000    
206.5960      359.9000    
166.7560      374.1000    
209.5690      362.7000    
257.3640      366.7000    
230.5550      369.2000    
161.9110      369.6000    
142.1850      369.1000    
127.7900      367.8000    
117.7340      365.8000    
141.2470      363.4000    
192.4560      361.6000    
195.0800      361.0000    
184.3310      358.6000    
214.5790      376.9000    
218.8590      364.5000    
154.0140      359.9000    
131.3040      354.9000    
118.4610      349.6000    
116.3460      344.2000    
109.4390      338.5000    
100.9880      332.8000    
98.4190       327.0000    
104.8300      321.5000    
165.3010      322.2000    
141.7840      320.4000    
176.6680      316.5000    
212.8230      315.7000    
228.4050      333.0000    
151.3850      317.0000    
121.2600      311.8000    
113.4270      306.3000    
104.2810      300.4000    
97.0120       294.6000    
97.4770       288.7000    
111.5470      283.1000    
169.7010      281.6000    
178.3720      287.8000    
172.2580      299.4000    
154.6310      291.0000    
174.6340      291.1000    
198.5340      285.6000    
155.1740      280.3000    
126.6160      275.1000    
112.6800      270.2000    
103.7200      265.8000    
119.2540      262.7000    
167.9050      259.9000    
159.2450      257.7000    
178.1840      256.7000    
148.9360      264.8000    
176.7260      254.4000    
180.7600      254.9000    
135.0000      254.9000    
119.8200      255.0000    
112.5900      255.1000    
107.0660      255.3000    
98.5030       255.6000    
104.9910      255.9000    
150.4970      258.0000    
177.9010      263.2000    
195.7890      271.1000    
187.2670      291.2000    
230.7530      307.3000    
220.0150      314.1000    
159.7070      313.4000    
136.6190      311.7000    
125.3560      309.5000    
115.8660      306.9000    
104.0020      304.2000    
134.1670      301.7000    
177.4410      303.6000    
246.1810      309.2000    
245.5370      314.1000    
202.4130      316.0000    
164.6020      316.4000    
142.0680      316.1000    
123.0950      315.4000    
118.7070      314.3000    
111.4570      312.7000    
106.2510      310.8000    
100.0660      308.6000    
98.9760       306.2000    
161.5110      307.7000    
215.0870      313.6000    
170.0110      324.3000    
224.7480      339.8000    
145.7790      327.8000    
182.3970      327.6000    
131.5400      325.9000    
113.5510      323.1000    
108.2020      319.8000    
102.4250      316.0000    
97.8480       311.8000    
95.6800       307.5000    
104.2880      303.1000    
160.5940      303.9000    
213.9290      307.3000    
132.9730      313.2000    
171.1090      297.8000    
178.6990      293.3000    
121.4520      288.5000    
101.3100      283.7000    
96.6880       278.9000    
92.6830       274.1000    
88.6110       269.6000    
83.4620       265.2000    
115.3820      262.0000    
153.6110      260.0000    
130.5380      257.1000    
132.0020      264.3000    
142.4620      252.7000    
148.8520      250.9000    
157.4020      249.6000    
103.5220      245.8000    
97.3600       242.0000    
93.4800       238.1000    
87.8360       234.3000    
81.4110       230.6000    
92.8950       227.4000    
102.3240      224.8000    
197.0250      242.6000    
232.7580      261.9000    
116.0930      262.3000    
89.4010       260.6000    
76.8870       257.9000    
75.5620       255.0000    
76.7190       251.7000    
75.8280       248.3000    
74.0920       244.9000    
88.6460       241.5000    
96.7090       241.1000    
113.6660      242.0000    


FLOW_OUT_18
observed    simulated
255.4060      198.4000    
196.9900      213.6000    
183.8740      208.2000    
186.1220      208.9000    
138.4460      210.0000    
128.3640      211.5000    
120.5590      213.3000    
118.7080      215.3000    
119.8230      217.4000    
119.1090      219.4000    
150.3440      225.6000    
141.7890      228.7000    
213.2160      238.7000    
290.8190      246.2000    
296.6240      256.5000    
258.4800      266.4000    
169.1850      269.4000    
145.6090      273.2000    
136.7880      277.7000    
129.7250      282.9000    
122.7310      288.2000    
125.5930      295.9000    
146.1090      303.9000    
202.6620      329.2000    
185.2590      329.9000    
223.5290      394.4000    
265.3100      351.6000    
215.4980      354.0000    
193.6540      355.6000    
157.1420      356.6000    
137.3660      357.3000    
128.7720      357.6000    
122.1610      357.4000    
121.6830      356.7000    
156.0630      357.5000    
243.4320      360.8000    
196.4870      360.6000    
175.5940      371.6000    
226.3680      359.3000    
280.4440      373.9000    
212.6220      370.5000    
159.1400      365.3000    
146.0270      359.9000    
134.9640      354.2000    
127.7290      348.5000    
146.8570      342.8000    
181.8850      339.1000    
176.1640      334.3000    
166.5490      330.1000    
219.0060      340.7000    
185.7120      325.5000    
138.1840      320.2000    
119.1880      314.3000    
109.3420      308.4000    
108.6590      302.7000    
102.6950      297.2000    
96.3390       291.7000    
94.0940       286.1000    
101.4380      281.0000    
156.7330      285.4000    
130.7090      279.1000    
169.9000      276.6000    
212.1470      276.2000    
201.3980      276.8000    
130.5100      272.1000    
110.0970      266.3000    
105.2450      260.5000    
101.2740      254.9000    
94.6220       249.6000    
94.6630       244.3000    
115.1150      240.7000    
196.7790      243.2000    
190.9690      242.8000    
182.3050      248.2000    
156.5750      236.2000    
186.7860      233.6000    
202.2800      232.6000    
139.9480      230.5000    
114.5360      229.1000    
101.3280      228.6000    
91.6830       228.6000    
115.6120      229.0000    
179.1660      230.5000    
155.4920      233.3000    
171.8360      237.3000    
136.3370      248.7000    
179.9910      243.2000    
170.2150      246.8000    
121.6700      249.0000    
106.6200      250.8000    
101.5710      252.5000    
96.0760       253.9000    
88.4250       254.8000    
97.0310       255.2000    
149.9010      258.7000    
175.9390      261.7000    
219.9380      267.1000    
175.2210      279.5000    
248.3210      277.7000    
206.3060      279.1000    
151.8920      277.3000    
133.2360      275.3000    
121.9080      273.6000    
113.8360      271.9000    
103.0850      270.2000    
143.0790      269.6000    
211.5430      276.9000    
307.9660      339.1000    
237.5390      310.0000    
195.6710      307.5000    
162.3590      305.6000    
137.2120      304.1000    
121.6660      301.3000    
117.6160      298.6000    
110.2170      295.7000    
105.2400      292.7000    
99.4660       289.4000    
97.8730       285.7000    
182.7600      289.8000    
208.3270      299.5000    
178.9970      318.1000    
215.5180      327.8000    
144.4570      310.8000    
178.4130      307.5000    
123.7910      301.4000    
108.9340      295.5000    
102.8230      289.9000    
96.9140       284.4000    
92.0690       278.9000    
94.4750       273.3000    
106.0930      267.5000    
190.7520      263.0000    
209.4570      259.9000    
142.2090      265.3000    
185.0410      253.9000    
190.0970      253.0000    
119.9640      249.4000    
101.9050      245.8000    
97.1230       242.5000    
92.0610       239.5000    
86.9820       236.6000    
78.1900       233.8000    
129.6180      232.5000    
175.8990      232.0000    
137.9890      237.1000    
149.1600      226.0000    
153.0640      223.3000    
158.5220      220.4000    
105.7060      217.0000    
102.9460      213.8000    
98.1820       210.7000    
88.2540       207.5000    
82.0100       204.3000    
153.6110      202.7000    
212.3040      237.7000    
207.7970      228.6000    
118.0880      228.3000    
92.1440       224.9000    
79.2910       219.1000    
80.7770       216.6000    
79.7700       214.2000    
77.6580       211.8000    
93.0440       210.1000    
103.4840      209.0000    
117.9610      209.7000    


FLOW_OUT_21
observed    simulated
57.0210       38.0700     
50.1080       42.7300     
47.6530       43.5200     
45.5950       46.2400     
39.7900       47.7300     
37.3130       47.8800     
36.3320       47.0600     
36.0270       45.5200     
34.9250       43.5600     
35.0100       41.4400     
41.3050       40.2500     
39.6020       39.8500     
52.6710       39.7800     
66.6320       45.2200     
72.3920       64.1400     
55.8470       64.4200     
43.8160       66.6800     
41.1340       67.0800     
39.6770       66.1600     
38.2030       64.2400     
36.4400       61.6800     
37.1750       58.8300     
42.5630       58.2100     
49.6310       56.7400     
47.4870       54.6300     
50.3840       56.8800     
63.7860       64.5800     
45.5070       64.1200     
45.8490       90.2300     
40.4120       72.4700     
36.7310       71.7600     
34.2420       69.8700     
33.1420       67.2000     
31.9740       64.0900     
43.2270       61.3500     
57.8640       62.7300     
41.3060       65.0400     
45.8490       67.6100     
57.0780       71.4900     
69.1460       70.5200     
49.3580       71.1600     
42.3830       70.4500     
40.3930       68.6300     
37.0720       65.9600     
34.2860       62.7900     
41.3500       60.0700     
55.3940       60.8400     
49.1760       64.8600     
45.6250       64.1400     
61.0550       68.3300     
45.7200       70.1800     
41.0400       73.0900     
36.0840       73.8800     
33.2720       73.1700     
32.7100       71.3300     
31.3400       68.6500     
29.0730       65.4400     
28.3730       61.8800     
31.5820       58.3100     
41.2370       55.7200     
35.1810       53.1600     
46.0680       51.2100     
49.6760       51.1500     
49.5270       59.4700     
35.9030       52.5800     
32.0570       50.4900     
31.2400       47.9400     
29.7970       45.0800     
28.4050       42.2000     
27.1640       39.6500     
36.4360       38.4200     
49.1190       41.0400     
45.1940       44.8200     
43.1430       51.0800     
46.9210       72.6800     
46.9500       58.4300     
49.0000       60.2200     
40.3670       61.7600     
35.3840       61.3500     
32.2080       59.8500     
28.8450       57.6500     
38.4020       63.0600     
46.7090       64.6900     
47.6070       71.4700     
48.5990       66.5200     
40.9250       70.3600     
58.2820       91.0900     
50.9870       75.7900     
38.6070       72.9400     
34.8050       69.4300     
34.0040       65.5400     
32.6780       61.3600     
30.2880       57.1600     
33.1470       53.1400     
43.6360       50.7500     
48.0020       51.2500     
55.3540       53.1200     
58.2200       55.6800     
65.7500       65.2900     
52.0450       59.7600     
40.0010       59.6400     
37.4180       58.3200     
35.3960       56.2700     
33.4270       53.6600     
30.5010       50.7700     
39.7670       48.9400     
47.1490       49.3700     
57.8850       61.0200     
53.8200       59.8100     
45.7800       61.0300     
41.9280       60.6100     
33.8030       59.6100     
32.9640       57.9700     
31.7870       55.8000     
30.4980       53.0900     
29.5750       50.0200     
28.2330       46.8300     
26.3970       43.5700     
57.9690       44.4200     
47.4700       45.8500     
59.1570       46.2000     
40.7420       50.1000     
39.3860       47.6700     
42.0730       55.4200     
30.3120       48.7500     
29.5700       46.8400     
28.7400       44.4700     
27.6650       41.7800     
27.2300       39.0100     
29.0070       36.2800     
29.8420       33.9900     
59.6350       44.3100     
39.4150       45.1500     
39.3620       51.1400     
47.2920       53.3000     
41.7440       57.0900     
30.3650       58.9400     
27.9630       58.7100     
28.0940       57.4600     
27.9320       55.4500     
27.0540       53.0500     
24.8300       50.2600     
37.2710       48.4200     
48.3120       48.8200     
37.5810       49.2200     
44.4210       51.5400     
46.3890       50.0500     
43.7250       49.7800     
42.0080       49.7100     
32.7630       49.0700     
32.6690       47.7000     
33.2340       45.7800     
31.3010       43.5300     
33.3190       40.1200     
69.7050       72.4300     
46.6720       58.0600     
36.3860       59.2400     
30.6770       58.8700     
27.9440       57.2100     
28.1500       54.9400     
29.0960       52.2500     
29.6320       49.2500     
29.5520       46.1600     
34.3360       41.4000     
36.5940       41.8800     


FLOW_OUT_22
observed    simulated
17.1980       27.5900     
15.8350       37.2400     
12.7510       38.0400     
12.4470       37.3200     
7.6570        33.7900     
6.0150        29.2900     
5.2960        25.4000     
4.9660        22.0000     
5.2770        19.4300     
4.1720        17.2400     
6.3820        17.4500     
7.2550        16.8200     
12.5800       20.6900     
21.8370       43.7100     
24.7260       51.5900     
18.7780       53.4400     
11.7000       47.1100     
10.3010       41.1600     
8.9520        35.9600     
7.9120        31.3600     
7.0150        27.4100     
6.9040        23.9800     
9.5140        21.4200     
15.2710       22.7600     
14.3830       23.4800     
15.8810       27.9100     
24.7800       38.1000     
14.1850       45.1300     
15.5220       48.2200     
11.6930       43.5400     
8.7510        38.0900     
7.8600        33.2500     
7.3560        29.1000     
6.5780        25.5300     
10.5720       24.2200     
22.2010       33.8000     
12.2440       36.4900     
14.7200       36.2200     
18.7790       38.4200     
26.2420       45.6700     
16.3850       44.8700     
12.5490       39.4100     
11.7310       34.5000     
9.7930        30.1400     
7.5460        26.3900     
10.9250       23.9900     
21.0530       27.8400     
16.8050       33.7300     
14.1270       36.6600     
21.4500       47.5800     
14.5560       45.2500     
11.7430       40.9200     
9.3320        35.9400     
8.1570        31.3600     
7.9000        27.3700     
7.2160        23.8400     
5.7110        20.8100     
5.0800        18.1800     
6.1340        16.0200     
10.9520       14.9000     
7.7810        13.9200     
14.1420       14.4300     
14.5420       16.3500     
12.8140       16.7000     
7.2970        14.8100     
6.1780        12.8500     
5.5120        11.1500     
5.0680        9.6380      
4.4830        8.3700      
3.8920        7.3420      
8.6410        7.9660      
17.7280       15.5200     
14.5090       20.1100     
13.3290       22.7900     
16.4700       21.1100     
16.4720       22.4500     
18.7760       29.0200     
13.3980       25.9300     
10.1360       22.7100     
8.6990        19.7700     
6.8730        17.2500     
10.7260       15.3600     
16.6030       18.9400     
15.7280       23.3100     
18.4820       32.6400     
13.2480       31.3500     
22.8060       27.1500     
18.0650       28.5600     
11.7190       25.5600     
9.6830        22.6300     
9.1110        19.7000     
8.1550        17.1100     
6.5030        14.8900     
7.4600        13.2300     
12.4430       15.1900     
16.5860       15.8300     
19.8530       17.5000     
19.0790       19.9200     
23.5250       27.6500     
18.8350       29.5700     
12.2180       26.1700     
10.3480       22.8800     
8.8030        19.9700     
7.6060        17.3900     
5.1900        15.1800     
11.3780       16.0300     
15.4260       17.3200     
20.5820       20.8000     
19.9220       19.8800     
17.7470       17.5600     
15.4350       15.9000     
10.1580       14.9700     
9.8010        13.9100     
7.4690        13.1000     
6.6920        11.3500     
6.2840        9.7980      
4.8230        8.4780      
4.3710        7.3370      
16.0920       7.6100      
15.4700       9.7020      
17.8410       15.6700     
12.2950       19.0000     
12.8060       17.6900     
14.4250       17.9800     
7.7670        15.6500     
6.6380        13.4700     
5.7060        11.5800     
4.3310        9.9330      
4.0220        8.5390      
5.1740        7.4020      
5.5720        6.5320      
16.1900       9.1660      
12.1380       14.2800     
12.2630       13.5000     
17.6310       12.5900     
15.2120       13.1300     
7.6580        11.9700     
6.4080        10.3000     
6.0130        8.8480      
5.3300        7.5780      
4.4030        6.5050      
3.6570        5.5840      
9.9270        4.8410      
16.0180       5.4210      
8.2040        6.2080      
10.6090       5.9330      
11.6980       10.2100     
6.4050        9.9340      
6.2360        8.5390      
6.0080        7.3120      
4.7640        6.2720      
4.5700        5.3840      
5.8530        4.9010      
5.1280        6.2110      
10.9910       14.8800     
5.3340        15.4800     
3.8310        14.5500     
2.8240        12.5100     
3.2320        10.7800     
3.1450        9.2700      
2.9280        7.9350      
2.7070        6.8080      
2.8510        5.8960      
4.1160        6.6110      
5.6870        8.9250      


FLOW_OUT_23
observed    simulated
244.9370      193.5000    
191.8880      205.3000    
181.7580      201.5000    
184.4680      207.4000    
142.6090      213.4000    
130.5350      218.5000    
120.9270      222.8000    
118.8070      226.0000    
119.2730      227.9000    
116.0010      228.5000    
153.4380      230.3000    
145.7070      230.2000    
219.6760      249.6000    
271.7080      240.2000    
278.1650      250.8000    
228.2570      265.2000    
165.2460      276.4000    
148.8470      287.6000    
139.6670      298.0000    
132.0480      307.0000    
124.0410      314.1000    
125.3570      320.2000    
144.4040      325.6000    
189.8200      337.6000    
176.9410      336.4000    
212.1160      400.7000    
251.3040      346.6000    
192.5360      348.5000    
184.6140      351.9000    
149.2220      353.9000    
132.1630      353.6000    
121.9990      352.0000    
115.8150      348.8000    
114.1750      344.1000    
151.5840      339.3000    
239.9700      335.7000    
173.1330      331.1000    
167.5300      338.4000    
221.5680      334.0000    
263.0680      328.1000    
191.0880      324.7000    
150.6200      320.3000    
139.4310      315.4000    
127.3580      309.5000    
120.0300      302.8000    
148.4110      295.4000    
194.4300      289.3000    
181.9410      283.9000    
172.1410      279.6000    
232.8630      287.4000    
177.9770      275.5000    
146.3080      273.5000    
127.2830      271.0000    
118.1730      267.9000    
117.3680      264.0000    
110.7460      259.3000    
102.8610      253.7000    
99.9510       247.3000    
108.6830      240.6000    
150.3820      238.5000    
125.1550      231.6000    
157.6990      227.0000    
197.2570      231.5000    
181.9550      227.6000    
124.4950      226.3000    
108.4480      223.7000    
104.4360      220.5000    
98.6170       216.6000    
94.2890       212.2000    
92.0190       207.1000    
113.3960      202.6000    
187.5420      201.3000    
172.4930      199.5000    
169.4000      205.6000    
149.9100      207.9000    
185.7340      205.1000    
207.3160      209.6000    
142.8710      214.4000    
118.9040      219.5000    
106.8400      223.9000    
98.8020       227.3000    
121.6920      229.7000    
192.3460      235.3000    
167.9450      239.0000    
178.2980      244.0000    
140.1820      256.2000    
196.6250      252.2000    
174.4300      257.1000    
124.3430      260.2000    
111.6030      261.8000    
106.5740      262.0000    
101.3620      260.9000    
95.5750       258.4000    
105.3300      254.8000    
157.7110      252.5000    
181.9880      251.1000    
224.8370      251.7000    
182.2270      261.0000    
233.3480      255.7000    
201.7460      258.3000    
130.5420      259.3000    
117.1200      259.8000    
109.1980      259.6000    
103.0970      258.5000    
92.5360       256.5000    
125.1500      254.2000    
181.9840      257.6000    
254.1840      315.7000    
231.1170      271.8000    
197.5150      272.9000    
169.9220      274.2000    
145.5420      274.9000    
135.1740      274.2000    
129.9490      272.5000    
122.9770      269.9000    
116.7790      266.1000    
110.1020      261.3000    
104.2390      255.5000    
203.4570      253.6000    
180.4010      255.0000    
192.1580      288.6000    
177.0570      267.9000    
143.5470      256.4000    
171.2360      256.6000    
117.8810      254.5000    
106.5010      251.6000    
102.2500      248.0000    
96.3300       243.4000    
91.4560       238.2000    
98.7130       232.2000    
109.6260      225.8000    
205.2270      221.8000    
174.8010      220.7000    
141.9420      227.1000    
182.8640      219.5000    
178.9080      221.3000    
114.1920      221.7000    
103.0600      221.6000    
101.6790      221.0000    
98.0520       219.5000    
92.7880       217.1000    
86.1340       213.9000    
137.5720      210.8000    
207.0700      208.2000    
99.1130       193.0000    
94.8410       190.1000    
87.8520       186.5000    
81.9980       182.4000    
102.7360      178.3000    
98.2890       176.2000    
88.4740       197.4000    
79.9770       197.1000    
79.0550       195.2000    
78.2290       192.5000    
90.7470       189.7000    
102.3480      187.0000    
116.3790      185.5000    


FLOW_OUT_24
observed    simulated
102.9720      156.6000    
83.9460       171.5000    
82.0260       176.9000    
86.1480       206.1000    
62.0330       199.8000    
56.8010       201.2000    
52.9640       199.9000    
51.3550       196.5000    
48.3350       191.6000    
50.1680       185.9000    
70.3570       182.4000    
68.6700       180.8000    
97.7050       214.8000    
114.4020      227.1000    
117.3270      245.0000    
96.5130       265.8000    
73.4930       280.0000    
67.0660       288.5000    
63.3220       292.5000    
60.3280       292.7000    
57.5600       289.8000    
59.8790       284.7000    
70.3480       280.5000    
86.4700       285.3000    
81.6090       292.9000    
95.3780       344.1000    
93.7620       289.7000    
87.5900       287.1000    
85.2630       286.7000    
71.3400       282.0000    
63.9940       274.3000    
59.9040       264.9000    
57.6130       254.4000    
56.4400       243.1000    
73.5400       233.2000    
104.5990      229.7000    
80.9170       227.4000    
79.2270       229.5000    
96.2150       241.0000    
106.1370      225.7000    
87.3780       223.4000    
71.1940       217.3000    
67.1280       209.7000    
62.0810       200.9000    
60.1300       191.6000    
72.9170       183.0000    
87.4940       178.9000    
85.6590       180.1000    
81.7020       177.5000    
99.3300       188.8000    
82.9870       185.4000    
70.3440       182.5000    
62.2940       177.6000    
59.4080       171.5000    
59.1520       164.5000    
56.3320       156.8000    
53.4100       148.7000    
52.3540       140.7000    
55.2600       134.3000    
78.0560       134.4000    
68.0030       131.4000    
79.0670       132.9000    
94.8350       158.9000    
80.0580       167.1000    
55.6930       156.9000    
48.1330       153.6000    
46.6500       149.2000    
43.5660       144.0000    
41.5570       138.3000    
39.6900       132.3000    
50.6960       127.0000    
85.8320       125.8000    
77.3940       134.0000    
77.2810       143.1000    
65.0160       168.6000    
84.1600       160.9000    
94.2000       176.6000    
64.2290       185.2000    
52.5180       188.8000    
47.2390       189.5000    
44.4220       188.0000    
58.3850       195.6000    
90.6510       190.5000    
77.1000       190.0000    
79.2700       193.9000    
64.0370       200.7000    
86.9960       195.3000    
76.7490       202.7000    
55.4030       202.0000    
50.2590       198.6000    
47.6110       193.8000    
45.0920       187.8000    
42.4230       181.0000    
47.2130       174.2000    
76.2800       175.4000    
84.4670       177.7000    
105.8690      182.3000    
80.3570       191.8000    
101.3280      195.6000    
86.2440       202.7000    
61.3900       203.5000    
54.9380       202.2000    
52.0990       199.1000    
48.8470       194.5000    
43.9400       188.7000    
62.1030       184.3000    
92.6170       201.1000    
108.5940      247.8000    
97.6120       210.8000    
83.8180       213.9000    
70.9640       213.2000    
58.5660       210.5000    
54.3240       206.2000    
51.9630       200.8000    
49.3890       194.3000    
47.7760       186.8000    
45.4460       178.7000    
45.0820       170.2000    
90.7020       171.8000    
80.1220       174.3000    
85.6250       216.2000    
81.8360       196.0000    
65.2530       192.4000    
80.7580       189.9000    
55.3990       186.8000    
51.3460       182.0000    
49.8460       175.9000    
47.3990       168.7000    
45.1840       161.1000    
48.8860       154.1000    
54.8650       148.8000    
96.7630       160.3000    
81.3310       156.5000    
65.8320       162.4000    
83.6950       160.9000    
83.3760       163.9000    
56.0560       163.1000    
49.4580       160.5000    
48.7450       156.5000    
47.9880       151.4000    
44.5950       145.7000    
41.3070       139.6000    
64.4960       135.2000    
78.7040       133.9000    
66.0710       139.9000    
74.9630       131.4000    
73.9300       136.5000    
55.4460       132.9000    
53.6220       128.4000    
51.5610       123.2000    
48.5330       117.8000    
51.5660       106.8000    
97.5000       189.7000    
80.1690       140.7000    
61.4840       146.4000    
50.6810       144.3000    
45.0320       142.2000    
45.7410       139.0000    
45.8990       135.0000    
45.3620       130.3000    
46.5880       125.2000    
53.5720       123.1000    
60.1290       119.9000    


FLOW_OUT_25
observed    simulated
21.2890       15.3900     
18.6740       20.9700     
16.9600       21.5600     
16.0040       21.0800     
13.1660       19.1800     
12.4880       16.7200     
11.9910       14.5800     
11.7430       12.7000     
11.2080       11.2600     
12.0520       10.0500     
14.5500       10.0600     
13.9590       9.7010      
18.8650       11.7500     
26.6150       24.8200     
24.7640       29.3900     
19.0890       30.5500     
14.8840       27.2000     
13.6200       24.0000     
13.7340       21.1700     
13.5210       18.6400     
13.4300       16.4500     
12.7650       14.5300     
15.1250       13.0700     
16.7230       13.6400     
19.2210       13.9500     
22.0640       16.3400     
25.2680       21.9500     
20.5230       26.0500     
19.1130       27.6900     
15.7700       25.2300     
13.3930       22.3100     
12.8220       19.6700     
12.0700       17.4000     
12.2470       15.4200     
16.8160       14.5900     
24.1010       19.7400     
17.8880       21.4100     
18.2350       21.2800     
21.9620       22.5100     
24.7010       26.5200     
18.9460       26.2900     
16.3010       23.3300     
14.2230       20.6400     
12.9380       18.2100     
13.1160       16.1100     
17.6460       14.6900     
21.3920       16.5200     
20.3720       19.6800     
20.1230       21.4800     
25.2180       27.7600     
17.5260       26.5700     
13.0100       24.1600     
12.9650       21.3800     
11.8210       18.8100     
12.1590       16.5500     
12.1700       14.5300     
10.4930       12.7900     
9.5340        11.2600     
11.4850       10.0000     
16.2350       9.3480      
14.3350       8.7480      
19.0670       8.9200      
22.1690       9.8520      
20.7880       9.9970      
14.8540       8.9030      
12.0090       7.7640      
11.1570       6.7620      
10.1260       5.8740      
9.8210        5.1220      
9.7470        4.5120      
13.4390       4.7570      
19.8170       8.7330      
15.8210       11.2800     
15.5090       12.8700     
14.2970       11.9200     
16.8790       12.6200     
19.0600       16.3500     
14.0900       14.7500     
12.7430       13.0300     
12.0310       11.4500     
12.1200       10.0800     
14.4740       9.0420      
19.7100       10.8800     
16.5620       13.2900     
18.2450       18.7000     
15.8010       18.1200     
18.6210       15.8100     
18.1080       16.4600     
14.5150       14.8400     
13.8920       13.2100     
13.2500       11.5800     
12.6080       10.1300     
11.8640       8.8780      
12.3810       7.9240      
17.1790       8.8760      
20.0320       9.2240      
19.4490       10.1200     
19.0810       11.4700     
22.7190       15.7900     
17.9940       16.9500     
13.9190       15.1300     
12.8340       13.3400     
12.4890       11.7400     
11.7200       10.3200     
10.6710       9.0800      
14.7000       9.4160      
20.2760       10.0900     
21.7670       11.9700     
20.8760       11.5200     
17.5090       10.2400     
15.7650       9.2620      
14.8760       8.6870      
13.1360       8.0300      
13.2850       7.5370      
12.3990       6.5530      
11.7580       5.6830      
11.0730       4.9360      
10.5510       4.2870      
18.6310       4.4340      
16.7710       5.5830      
17.0370       8.6740      
16.2520       10.5500     
14.2230       9.7770      
16.2350       9.9050      
12.3390       8.6360      
11.4080       7.4370      
10.7630       6.4010      
10.2740       5.4930      
9.9050        4.7230      
10.6290       4.0990      
11.6130       3.6280      
19.0590       4.9940      
15.7000       7.7650      
15.0170       7.3630      
18.5660       6.8550      
19.6210       7.1380      
13.4760       6.5250      
12.4350       5.6160      
12.3730       4.8230      
11.9410       4.1290      
10.5820       3.5410      
9.9840        3.0370      
14.9940       2.6390      
17.5750       2.9380      
13.2000       3.3710      
19.5110       3.2310      
20.8390       4.1170      
20.5820       5.4370      
19.3000       6.1140      
0.0000        5.3200      
0.0000        4.5710      
10.8000       3.9100      
12.0270       3.3500      
12.0870       2.8730      
12.6880       2.6180      
14.9830       3.3090      
23.6830       5.4150      
21.0250       8.0350      
16.2840       8.3540      
11.9220       7.8700      
11.1500       6.7680      
11.2700       5.8260      
11.8870       5.0100      
11.5120       4.2850      
11.6860       3.6730      
13.5580       3.1860      
16.3180       3.5320      
16.9010       4.7920      


FLOW_OUT_27
observed    simulated
25.7780       21.8200     
21.2540       29.1800     
21.8540       29.6500     
20.4070       29.0000     
14.9750       26.1900     
14.9090       22.7600     
13.8840       19.7800     
13.4590       17.1800     
13.0630       15.2200     
13.1700       13.5900     
16.5820       13.7800     
16.5350       13.3000     
23.2720       16.5800     
28.8580       34.4700     
29.4380       40.2800     
25.2650       41.4600     
17.4490       36.7000     
16.8650       32.2200     
15.5430       28.2900     
14.6500       24.7900     
13.3800       21.7800     
14.2270       19.1400     
18.8580       17.2100     
21.5090       18.2900     
21.2040       18.8600     
23.9800       22.3800     
27.6980       30.4600     
22.9870       35.5200     
22.5170       37.6300     
17.8630       33.9800     
15.8190       29.8900     
14.8920       26.2300     
14.4290       23.0800     
14.5540       20.3700     
20.6470       19.4500     
30.4560       27.0700     
21.3190       29.0900     
21.5100       29.0600     
26.2930       30.7900     
30.0860       36.2500     
23.1390       35.4300     
19.8610       31.2800     
17.4320       27.5200     
17.2300       24.1600     
19.9920       21.2600     
20.0340       19.4400     
23.1830       22.3200     
21.7310       26.8300     
21.0910       29.1600     
24.4190       37.9500     
21.8610       35.9500     
17.0290       32.5300     
13.7130       28.6600     
13.2650       25.1100     
13.3370       22.0000     
12.4970       19.2400     
11.6540       16.8600     
11.3780       14.7900     
12.3990       13.1100     
17.8080       12.3600     
15.1390       11.6600     
19.7570       12.0800     
20.9870       13.6500     
20.5040       13.9000     
13.7350       12.3300     
12.3330       10.7300     
11.9460       9.3150      
11.0580       8.0700      
10.8010       7.0220      
10.5150       6.1790      
14.4470       6.7030      
22.2750       12.5700     
20.8960       16.1500     
21.2670       18.1600     
18.8550       16.8400     
22.1880       17.8800     
24.2560       22.6600     
17.1880       20.2800     
14.3560       17.8200     
12.6640       15.5700     
11.6830       13.6400     
16.7770       12.2400     
22.8520       15.1100     
20.3240       18.6000     
21.1270       25.8600     
19.3840       24.8800     
23.7170       21.6500     
19.6420       22.6600     
15.2180       20.2700     
13.7990       17.9700     
13.0140       15.6900     
11.7640       13.6700     
10.9270       11.9400     
13.2530       10.6700     
21.8740       12.2400     
23.0380       12.7900     
23.8930       14.2300     
21.4080       16.1600     
24.5890       22.2100     
22.1860       23.4600     
16.1790       20.8000     
14.2180       18.2500     
13.0550       15.9800     
12.4090       13.9700     
11.2890       12.2400     
18.6110       12.9200     
23.0180       13.9700     
29.2510       16.7500     
25.3340       15.9800     
21.8240       14.1900     
19.8530       12.8500     
16.1630       12.0200     
15.7160       11.1500     
13.8170       10.4300     
13.3900       9.0400      
12.7530       7.8190      
11.5680       6.7750      
11.9830       5.8700      
23.1900       6.2180      
18.8390       8.0380      
21.1420       12.5300     
21.2690       15.0700     
18.6940       14.0400     
21.2510       14.1900     
15.9920       12.3500     
13.2870       10.6300     
12.2800       9.1450      
11.1560       7.8450      
10.1370       6.7440      
12.1850       5.8590      
15.8320       5.2020      
24.7380       7.4170      
17.6340       11.2500     
15.0640       10.6800     
23.4860       9.9980      
22.1380       10.4800     
15.4960       9.5260      
14.3660       8.1960      
12.4480       7.0400      
11.3380       6.0280      
10.8070       5.1730      
11.0040       4.4400      
20.0550       3.8620      
22.6990       4.3790      
16.4680       4.9700      
11.9500       4.7900      
15.8080       6.1500      
21.2450       8.0520      
21.1480       9.0000      
18.3720       7.8020      
13.1010       6.7050      
11.9700       5.7390      
10.9510       4.9210      
9.9950        4.2230      
13.1090       3.8820      
11.9250       4.9160      
15.2840       8.2010      
17.0990       11.9000     
10.7310       12.3100     
9.4200        11.4900     
9.1510        9.8840      
9.2030        8.5120      
10.1310       7.3220      
9.7320        6.2660      
9.9720        5.3750      
14.3890       5.2720      
15.1850       7.1020      


FLOW_OUT_29
observed    simulated
6.8090        23.2700     
4.9700        27.1200     
4.7120        26.0800     
5.4650        27.1800     
4.0280        26.5200     
3.5080        25.3100     
3.2250        23.9800     
3.2140        22.5800     
3.3280        21.1900     
3.5040        20.1200     
4.3190        21.3700     
4.0950        25.1900     
8.9320        51.0200     
9.8860        58.8400     
7.2830        42.2700     
7.2750        44.1700     
5.0910        44.3700     
3.9180        43.8200     
3.5720        42.8600     
3.3820        41.5700     
3.2470        40.2000     
3.2990        38.5400     
3.6040        37.8100     
5.2890        45.6400     
5.6590        56.3900     
6.2140        61.5600     
7.3320        63.1200     
6.2620        59.1900     
5.3120        61.0200     
4.0480        58.7000     
3.4440        56.4000     
3.2210        53.7700     
3.2710        51.0000     
3.3270        48.1300     
3.6770        45.8600     
5.0050        47.1500     
3.9320        44.9800     
3.8830        43.8800     
5.3040        44.4900     
7.4770        50.0600     
5.2930        50.2200     
4.2250        47.7700     
3.8700        45.1800     
2.9430        42.4700     
2.7980        39.7900     
3.3640        37.3200     
3.9860        35.5600     
3.8710        34.6500     
3.4640        32.9000     
7.0520        44.4000     
5.3310        45.1500     
3.8980        38.2900     
3.1410        36.2300     
2.7340        34.1200     
2.7270        31.9400     
2.6160        29.7400     
2.5060        27.6300     
2.4150        25.6000     
2.4570        23.8500     
3.7550        23.7200     
3.0750        23.2000     
3.6890        23.3200     
5.1480        35.7800     
4.5960        40.0400     
3.4370        29.0000     
2.6530        27.5500     
2.3760        25.9800     
2.2630        24.3300     
2.2430        22.8600     
2.2180        21.8800     
2.7030        20.6800     
4.5180        22.1200     
3.6610        24.6600     
4.0190        27.4300     
4.0520        46.7100     
5.2650        56.3800     
8.3180        37.6000     
4.5740        37.7100     
3.2860        36.6900     
2.8030        35.2600     
2.5970        33.6600     
3.4870        33.9000     
4.1040        33.1500     
4.3670        33.6700     
5.0300        43.2000     
3.4380        35.9200     
5.3600        53.3700     
6.1600        58.8700     
3.8820        44.1000     
3.1600        42.8700     
2.8370        41.2100     
2.6420        39.3000     
2.5630        37.2700     
2.8440        35.3100     
3.5130        38.0700     
4.5690        34.5100     
6.4940        42.6000     
5.4760        56.1600     
8.0270        55.0900     
6.4830        49.4700     
4.7710        47.7500     
3.7540        45.8000     
3.1370        43.5900     
2.9430        41.2200     
2.7670        38.8500     
3.4120        37.3700     
7.0010        75.2000     
8.2340        49.0900     
6.4330        57.7100     
4.7570        54.8900     
3.6980        53.0600     
3.2240        50.7300     
2.8830        48.0700     
2.5710        45.2800     
2.4230        42.4000     
2.4450        39.4900     
2.3810        36.6900     
2.3510        34.0200     
4.1540        33.2300     
4.0220        33.5400     
4.1120        45.5800     
4.4000        35.2600     
3.6760        32.3800     
3.9230        31.3100     
2.8510        29.4800     
2.5100        27.2200     
2.3260        25.0400     
2.1470        22.9300     
2.1300        20.9600     
2.2830        19.1700     
2.6240        18.1000     
4.8460        18.5000     
3.9050        19.7900     
3.0850        19.5600     
4.1160        25.0500     
5.3010        21.2900     
3.4380        20.4800     
2.7590        19.1100     
2.4270        17.7100     
2.3800        16.3200     
2.0250        15.0100     
2.0190        13.8400     
2.4930        13.6700     
3.1430        22.7000     
2.5290        18.6200     
2.8050        18.2100     
3.2980        18.6300     
3.5250        32.3000     
3.7880        25.5600     
2.4340        24.9700     
2.1040        24.0700     
1.9490        23.0000     
1.8840        21.8600     
1.7670        20.6700     
1.5970        31.9800     
1.5060        21.9500     
5.4800        42.1800     
3.2520        41.3600     
1.9550        42.2900     
1.4750        41.9700     
3.8040        39.7800     
1.4020        38.2900     
1.4050        36.6200     
1.5180        34.8900     
1.7650        34.1400     
2.2030        39.8200     
2.3680        39.5500     


FLOW_OUT_34
observed    simulated
40.9320       35.6000     
29.0020       37.8200     
28.6910       37.9000     
35.2270       41.3200     
22.4950       43.5200     
21.0730       44.5500     
19.8860       44.8200     
19.5690       44.5800     
18.5870       43.8900     
19.4270       42.8300     
24.1820       44.4100     
24.2430       42.6900     
36.9280       44.5900     
44.0370       49.6700     
44.0690       58.9500     
38.1680       64.0600     
23.5530       67.7400     
22.7150       70.2000     
21.7840       71.1800     
20.1760       71.1100     
19.1200       70.2000     
19.8790       68.6600     
24.6940       66.7200     
32.0240       65.3000     
28.8540       63.1000     
34.1520       63.3300     
42.9970       63.3200     
34.0520       58.3500     
27.6770       55.3200     
22.5720       52.4700     
19.8550       49.1200     
18.4210       45.7800     
17.5740       42.5800     
17.1160       39.5100     
25.0260       36.8100     
41.9030       35.7100     
27.9690       34.7900     
27.1570       34.3800     
33.6940       32.1900     
38.8600       31.1200     
28.4240       29.3800     
21.7790       27.6200     
20.1160       25.9200     
18.6590       24.1000     
18.0460       22.3700     
23.6630       20.9200     
29.7580       19.8400     
29.7210       19.2800     
27.7860       18.6600     
33.3610       19.1900     
26.6400       18.5200     
21.8740       18.0800     
21.7780       17.5100     
18.3070       16.7900     
18.0690       15.9900     
16.7040       15.1200     
15.2360       14.2300     
14.7250       13.3900     
15.9950       12.9200     
28.5710       14.2300     
21.5940       15.5800     
24.9410       16.7400     
33.6520       18.4300     
26.9180       20.3800     
17.4000       21.5200     
15.2970       22.1900     
15.0140       22.4600     
14.1750       22.4200     
12.9630       22.1200     
12.1720       21.6300     
17.5890       21.2400     
32.5110       22.7300     
32.4400       25.7400     
31.4680       29.2800     
23.2420       29.0700     
33.2770       34.2200     
37.0210       36.8100     
23.2850       39.2300     
19.1950       40.2800     
16.9290       40.5600     
15.1120       40.2700     
20.0230       40.4100     
34.5730       40.3100     
26.7740       39.6700     
24.8580       38.9800     
16.4850       39.1600     
27.7350       37.4300     
23.0080       38.4800     
14.5680       37.9600     
12.4620       36.9800     
11.4080       35.7900     
10.3020       34.4000     
8.6190        32.9100     
11.2090       31.5500     
26.2840       31.8300     
27.6880       33.2000     
34.1920       37.8800     
25.2650       39.8200     
31.1030       39.3400     
28.7580       40.5200     
18.1810       40.1200     
19.1560       39.2000     
18.6640       38.0000     
16.8960       36.5700     
14.5910       35.0100     
20.9700       33.7000     
30.5460       35.8500     
37.4230       40.5600     
33.8180       43.6300     
28.3900       43.4700     
24.1410       42.7200     
19.5070       41.7600     
18.0170       40.5500     
17.2560       39.0300     
17.0290       37.3500     
16.4850       35.5200     
15.6840       33.6300     
14.6130       31.7300     
30.2890       30.5200     
28.2770       30.7300     
27.4350       30.4600     
27.9640       32.2500     
22.0520       31.2700     
27.8540       32.6200     
17.8540       33.2400     
16.7650       33.0600     
16.6440       32.4800     
15.3450       31.5900     
15.2640       30.4800     
16.4050       29.2500     
19.7370       28.4200     
33.2630       30.4100     
30.7780       32.7500     
22.0010       34.3800     
29.9690       34.3900     
30.7780       37.6700     
18.4790       38.7300     
16.2500       38.5200     
16.0260       37.8600     
15.4770       36.8300     
14.7830       35.5900     
13.3660       34.2200     
22.4220       33.1000     
29.4570       32.6000     
19.3820       31.7400     
22.6620       31.9200     
23.5270       30.0200     
25.0130       29.4900     
26.2040       29.0200     
16.6330       27.8400     
15.9030       26.5100     
14.9340       25.0600     
13.8260       23.6000     
12.9430       22.1200     
14.3730       20.7000     
28.4700       19.6300     
29.4170       19.9300     
19.6920       18.9700     
14.4270       18.2500     
11.9760       17.4900     
12.5910       16.7100     
12.0850       15.8600     
11.8940       14.9100     
12.5510       14.0300     
15.1400       13.4200     
15.3700       12.5900     
17.6340       11.9500     


FLOW_OUT_36
observed    simulated
10.4100       5.0430      
9.5210        4.2510      
10.0640       5.4430      
10.1150       12.0900     
8.6620        5.5390      
8.2620        4.7920      
7.8030        4.1290      
7.9420        3.5490      
7.9510        3.0710      
8.2470        2.9250      
8.9510        3.0820      
9.4670        2.9650      
10.4180       5.2980      
10.2250       10.8800     
9.8860        11.1500     
9.8440        17.5400     
8.7800        8.0610      
8.4800        7.0280      
8.3120        6.0660      
8.0360        5.2230      
8.0270        4.5170      
8.2980        3.9860      
8.4260        3.5010      
8.5830        3.0940      
9.5420        2.7660      
9.6910        2.5210      
10.0760       2.7350      
9.3880        2.7340      
9.5900        2.3760      
8.8350        2.0510      
8.5020        1.7690      
8.3590        1.5210      
8.3400        1.3120      
8.2420        1.1310      
9.4780        1.4560      
10.6680       2.1910      
8.9720        2.2990      
9.4100        2.2580      
9.6700        2.1050      
10.0300       1.9810      
9.3190        1.7260      
8.6810        1.4860      
8.9500        1.2780      
8.8420        1.0960      
8.7930        0.9926      
9.2140        1.1200      
9.7310        1.6200      
9.5150        1.7480      
9.0880        1.6710      
10.1020       1.9560      
9.0380        2.0570      
9.0340        1.9440      
8.6930        1.7000      
8.6810        1.4620      
8.6810        1.2560      
8.4930        1.0760      
8.3450        0.9235      
8.5090        2.2500      
8.9660        6.9330      
9.5030        2.2020      
8.9750        3.1640      
9.3930        2.9040      
8.9960        3.1840      
8.8240        4.0510      
7.5350        3.3550      
7.2190        2.8930      
7.2190        2.4930      
7.1100        2.1430      
7.1640        1.8470      
7.2090        1.5930      
8.3960        1.5510      
8.0870        2.2330      
7.9660        3.4030      
8.0990        4.5020      
7.3620        4.1680      
9.6050        15.5200     
8.3350        6.5690      
7.1140        5.1460      
6.5240        4.4400      
6.6670        3.8130      
6.9330        3.2830      
8.5500        2.8320      
8.7090        2.6920      
8.4020        2.6100      
8.4500        2.5000      
8.4400        2.4480      
9.0260        2.8720      
8.4680        3.5840      
7.8880        3.1140      
7.4020        2.6940      
7.3280        2.3260      
7.3280        2.0030      
7.2610        1.7280      
8.2150        1.6320      
9.4210        2.6200      
8.7810        2.5780      
9.1820        2.9550      
9.3050        3.0760      
10.2800       3.4940      
9.6050        3.5960      
8.2790        3.2800      
7.3500        2.8710      
7.0730        2.4760      
6.8030        2.1300      
6.5860        1.8370      
9.0680        1.7360      
10.8320       1.8290      
10.2290       2.0130      
10.9610       4.5620      
10.2980       3.9690      
9.0190        3.6000      
8.3990        3.2390      
8.2340        2.8780      
8.1440        2.5320      
7.9780        2.1820      
7.5570        1.8750      
7.3400        1.6150      
7.1830        1.3930      
10.5830       4.6600      
8.7080        2.8100      
9.9210        4.0690      
9.1110        3.5310      
9.3910        4.8360      
9.7590        4.1480      
8.5810        3.7510      
8.3650        3.2330      
8.1730        2.7830      
8.0060        2.3890      
7.4950        2.0560      
7.7270        1.8620      
7.7860        2.5080      
9.7750        4.3940      
8.5950        4.0120      
8.4730        5.2820      
9.5140        4.4920      
9.5960        6.9640      
8.0290        4.0670      
7.6950        3.5040      
7.5810        3.0170      
7.3020        2.5910      
7.2910        2.3810      
7.3250        2.0850      
10.1270       2.1010      
9.0090        2.1980      
7.9490        2.3690      
8.5630        2.5320      
8.4260        2.5130      
9.3120        2.4700      
8.7620        2.3820      
7.4720        2.0650      
7.0140        1.7760      
7.0030        1.5230      
7.0030        1.3090      
6.7890        1.1250      
7.1840        0.9951      
7.5190        1.2700      
9.2340        1.3480      
7.1540        1.2890      
7.1820        1.7300      
5.9720        1.8570      
5.9380        1.6000      
6.0980        1.3760      
6.0500        1.1820      
5.7440        1.0130      
5.8430        0.8699      
6.4380        0.7633      
6.7550        0.6823      
6.9180        0.7464      


FLOW_OUT_37
observed    simulated
17.4960       8.7970      
11.6840       10.7300     
12.3230       12.4100     
15.2050       16.0800     
10.5330       14.5900     
10.0930       12.6900     
9.2910        11.0000     
9.0380        9.5200      
8.8020        8.2790      
8.6940        7.6970      
11.1460       7.7730      
11.3280       7.4070      
12.1730       8.9460      
16.0430       13.4600     
14.3360       16.5800     
14.2830       22.8600     
11.1970       22.6400     
9.6080        19.8500     
9.2370        17.2800     
9.1540        15.0100     
9.0070        13.0800     
9.3890        11.5500     
10.6610       10.1800     
10.5080       9.0070      
12.6240       8.0530      
12.6670       7.3800      
18.3660       7.3970      
13.4720       7.2500      
12.9210       6.3380      
10.6420       5.5100      
9.8310        4.7880      
9.3180        4.1490      
8.9810        3.6040      
8.8330        3.1310      
12.5590       3.6390      
16.5270       5.1320      
11.8910       5.3600      
12.2260       5.2210      
14.4150       4.8330      
14.3990       4.5610      
12.0620       3.9820      
10.3390       3.4360      
9.9130        2.9630      
9.4820        2.5470      
9.3600        2.2850      
12.5740       2.4960      
13.0380       2.8720      
14.2110       3.8450      
12.9700       3.6780      
14.5080       4.2340      
12.0040       4.4120      
11.5350       4.1560      
9.9850        3.6370      
9.5100        3.1280      
9.2430        2.6870      
8.8430        2.3010      
8.5260        1.9740      
8.6110        2.1410      
9.4380        3.1720      
12.3620       6.2530      
10.5020       6.1940      
12.7240       7.5300      
12.9960       8.0200      
11.8510       9.0760      
9.5340        8.2330      
8.8890        7.1510      
8.6650        6.2090      
8.4640        5.3780      
8.5150        4.6700      
7.2660        4.0570      
10.1720       3.8520      
12.6290       5.2350      
12.5850       6.5840      
11.6870       10.0900     
8.8150        9.3440      
15.0920       11.7000     
11.1990       14.9300     
10.3910       13.8800     
7.5940        12.0400     
6.5930        10.3900     
6.4440        8.9950      
9.9610        7.7970      
14.1580       7.2760      
12.7440       6.9440      
12.6660       6.5860      
9.4760        6.3970      
14.2140       7.0730      
10.2340       8.6000      
8.4760        7.5520      
7.6780        6.6050      
7.3480        5.7680      
6.6850        5.0240      
6.2270        4.3870      
7.7120        4.0590      
14.1680       5.9530      
12.6980       5.8950      
13.1980       6.6560      
11.6950       6.9010      
15.3680       7.7890      
12.8180       7.9900      
10.4860       7.3600      
10.1840       6.4990      
9.7140        5.6640      
9.3730        4.9240      
9.2540        4.2910      
11.0760       4.0340      
14.1640       4.1840      
15.1650       4.6220      
14.6770       8.1790      
13.5530       9.0220      
11.8170       8.2400      
10.6860       7.4130      
10.3560       6.6080      
9.3490        5.8460      
8.8220        5.0770      
8.7200        4.3990      
8.6340        3.8190      
8.4930        3.3190      
13.4700       5.3600      
11.2820       6.7370      
14.3370       6.4620      
12.2480       8.5660      
10.7470       8.0030      
12.0520       9.9520      
8.8860        9.0240      
8.5900        7.8150      
8.4240        6.7620      
8.0910        5.8360      
7.8360        5.0490      
8.6060        4.5460      
9.2220        4.2620      
16.1990       6.5660      
13.1730       9.5720      
11.6580       9.9140      
12.1460       10.6300     
11.3300       10.6900     
9.5120        10.1500     
8.9240        8.7920      
8.4570        7.6170      
8.2240        6.5830      
7.9670        5.9800      
7.9010        5.2570      
10.7320       5.1680      
11.6670       5.3180      
7.9890        5.6370      
10.4960       5.8710      
12.2210       5.7380      
11.7880       5.5960      
12.2020       5.3490      
9.1280        4.6530      
7.9510        3.4490      
7.3810        2.9710      
6.3890        2.5580      
7.6360        2.2450      
8.2970        2.7470      
14.0680       2.9430      
10.4110       2.8450      
8.6210        3.4540      
6.6060        3.9190      
6.0540        3.3800      
6.3470        2.9070      
6.6890        2.4980      
6.4490        2.1400      
6.4180        1.8370      
6.9040        1.6130      


SED_OUT_5
observed    simulated
1.9200        18.4900     
5.1500        20.0800     
2.8700        17.0600     
6.6300        22.3600     
4.9100        18.6400     
3.0270        19.6400     
3.1420        20.9500     
3.3670        19.5100     
14.7000       20.1100     
2.6000        18.7300     
7.2000        19.7500     
10.9000       19.8600     
30.4000       25.4000     
17.9000       23.7900     
1.5000        20.5300     
4.2000        23.9900     
1.9000        22.0500     
3.1000        19.8700     


SED_OUT_8
observed    simulated
4.6200        37.1100     
2.0800        36.5900     
8.2600        35.0500     
6.5900        35.1300     
9.7700        35.5500     
10.9200       35.8200     
4.2100        37.5000     
1.9800        35.6900     
1.9200        33.8600     
4.8800        39.2800     
3.2600        31.2900     
8.4800        41.5100     
2.7980        34.1900     
2.3890        35.2800     
1.6010        33.0000     
3.2330        42.0100     
2.2360        32.6900     
4.9000        40.0100     
4.0000        38.6500     
8.3000        38.7400     
1.1500        38.9000     
18.6000       38.3100     
6.4000        54.5900     
9.6000        43.9500     
1.7000        38.4100     
4.0000        43.1500     
3.0000        39.8500     
1.8000        37.9800     
7.5000        37.8600     


SED_OUT_14
observed    simulated
10.3600       31.4100     
8.9000        30.8300     
9.7800        31.2800     
13.5000       27.0700     
19.8600       20.5300     
10.2000       19.4000     
11.3400       18.9600     
6.4800        19.1900     
7.1500        17.6900     
5.5500        39.4600     
7.0800        16.3800     
7.0600        21.5600     
5.0600        39.1700     
11.9000       22.0200     
5.9300        20.2300     
14.1800       21.7000     
23.9500       35.4500     
9.3090        37.6000     
10.9510       16.8100     
9.3000        22.3300     
12.7000       17.2700     
10.9000       17.4000     
13.3000       38.6800     
25.4000       18.4800     
12.4000       17.3900     
16.0000       18.7600     
15.5000       16.9100     


SED_OUT_21
observed    simulated
3.8600        31.8400     
4.3500        27.0900     
31.8800       29.5800     
3.7700        20.9700     
18.3800       28.0600     
3.1670        28.2500     
28.6400       29.8900     
27.5500       30.2200     
26.9500       30.6500     
7.4100        24.9900     
24.2000       29.6400     
4.2000        23.3800     
22.4000       24.6600     
8.9000        22.9900     
18.3000       18.6200     
1.5000        33.4000     
9.9000        33.4000     
5.8000        25.0600     
7.8000        28.1400     
27.9000       27.6800     
5.8000        22.8000     
12.5000       21.2800     


SED_OUT_24
observed    simulated
9.4300        33.3600     
9.5800        36.4300     
6.4100        29.4900     
19.7500       29.5100     
6.0900        36.2400     
8.2900        34.8000     
4.6700        33.8500     
3.7400        30.4300     
9.4300        29.7800     
8.7100        24.3800     
39.4000       31.6800     
2.7500        24.6800     
22.8900       26.7500     
5.1400        31.6700     
9.4900        30.7900     
9.0070        33.5100     
8.1170        32.4600     
9.8610        29.3600     
4.4000        33.0000     
2.4000        28.0100     
10.8000       25.1700     
25.0000       29.9800     
5.1000        25.0800     
13.0000       30.7100     
17.6000       31.3000     
4.9000        27.2500     
4.1000        22.7700     
12.1000       21.5800     


SED_OUT_34
observed    simulated
6.3100        20.9200     
5.7800        18.2600     
6.9400        20.7800     
3.8300        24.5100     
1.5400        21.3400     
4.6610        23.8900     
3.3120        24.2200     
2.7440        19.5400     
4.7000        23.5000     
1.3000        19.7500     
3.3000        17.5900     
7.5000        23.6500     
4.9000        18.2300     
0.8300        24.4800     
9.4000        23.5400     
3.4000        22.4400     
2.5000        16.1200     
3.3000        14.5100     

