   1 
3  3.434000e+001
8  1.289000e+001
11  2.807000e+001
20  1.654000e+001
22  2.237000e+001
30  1.756000e+001
33  1.307000e+001
52  1.763000e+001
56  1.175000e+001
64  3.478000e+001
68  1.136000e+001
71  2.558000e+001
75  3.919000e+001
82  2.696000e+001
85  3.112000e+001
88  3.146000e+001
96  3.376000e+001
98  3.757000e+001
105  1.374000e+001
110  2.923000e+001
115  1.304000e+001
118  1.340000e+001
122  3.132000e+001
125  1.441000e+001
129  1.096000e+001
137  1.745000e+001
156  2.223000e+001
   2 
3  3.576000e+001
8  1.255000e+001
11  2.865000e+001
20  1.678000e+001
22  2.250000e+001
30  1.806000e+001
33  1.301000e+001
52  1.752000e+001
56  1.137000e+001
64  3.686000e+001
68  1.105000e+001
71  2.638000e+001
75  4.102000e+001
82  2.816000e+001
85  3.133000e+001
88  3.364000e+001
96  3.410000e+001
98  3.837000e+001
105  1.367000e+001
110  2.990000e+001
115  1.291000e+001
118  1.319000e+001
122  3.338000e+001
125  1.468000e+001
129  1.077000e+001
137  1.788000e+001
156  2.519000e+001
   3 
3  2.442000e+001
8  9.283000e+000
11  1.865000e+001
20  1.193000e+001
22  1.666000e+001
30  1.144000e+001
33  9.378000e+000
52  1.203000e+001
56  8.104000e+000
64  2.361000e+001
68  7.811000e+000
71  2.006000e+001
75  3.150000e+001
82  1.898000e+001
85  2.189000e+001
88  2.007000e+001
96  2.463000e+001
98  2.991000e+001
105  9.743000e+000
110  2.022000e+001
115  9.219000e+000
118  9.959000e+000
122  1.931000e+001
125  1.030000e+001
129  7.706000e+000
137  1.205000e+001
156  1.573000e+001
   4 
3  3.460000e+001
8  1.151000e+001
11  2.687000e+001
20  1.595000e+001
22  2.349000e+001
30  1.474000e+001
33  1.238000e+001
52  1.430000e+001
56  8.787000e+000
64  3.355000e+001
68  8.651000e+000
71  3.285000e+001
75  5.227000e+001
82  3.314000e+001
85  3.036000e+001
88  2.850000e+001
96  4.192000e+001
98  4.721000e+001
105  1.165000e+001
110  2.921000e+001
115  1.126000e+001
118  1.579000e+001
122  2.775000e+001
125  1.265000e+001
129  8.967000e+000
137  1.723000e+001
156  2.380000e+001
   5 
3  5.076000e+001
8  1.832000e+001
11  4.324000e+001
20  2.868000e+001
22  3.631000e+001
30  2.550000e+001
33  2.058000e+001
52  2.464000e+001
56  1.382000e+001
64  5.372000e+001
68  1.286000e+001
71  5.036000e+001
75  6.933000e+001
82  4.371000e+001
85  4.683000e+001
88  4.490000e+001
96  5.665000e+001
98  7.515000e+001
105  1.810000e+001
110  4.522000e+001
115  1.689000e+001
118  2.242000e+001
122  4.263000e+001
125  2.201000e+001
129  1.246000e+001
137  2.866000e+001
156  3.572000e+001
   6 
3  2.551000e+001
8  8.350000e+000
11  1.881000e+001
20  1.140000e+001
22  1.642000e+001
30  1.096000e+001
33  8.781000e+000
52  1.064000e+001
56  6.653000e+000
64  2.508000e+001
68  6.479000e+000
71  2.157000e+001
75  3.589000e+001
82  2.282000e+001
85  2.169000e+001
88  2.058000e+001
96  2.847000e+001
98  3.230000e+001
105  8.677000e+000
110  2.099000e+001
115  8.304000e+000
118  1.133000e+001
122  2.025000e+001
125  9.330000e+000
129  6.612000e+000
137  1.210000e+001
156  1.745000e+001
   7 
3  2.849000e+001
8  8.864000e+000
11  2.221000e+001
20  1.268000e+001
22  1.806000e+001
30  1.362000e+001
33  9.609000e+000
52  1.237000e+001
56  7.152000e+000
64  2.948000e+001
68  7.000000e+000
71  2.411000e+001
75  3.981000e+001
82  2.745000e+001
85  2.439000e+001
88  2.595000e+001
96  3.320000e+001
98  3.572000e+001
105  9.447000e+000
110  2.417000e+001
115  9.093000e+000
118  1.233000e+001
122  2.465000e+001
125  1.049000e+001
129  7.084000e+000
137  1.438000e+001
156  2.391000e+001
   8 
3  2.669000e+001
8  8.283000e+000
11  2.088000e+001
20  1.204000e+001
22  1.731000e+001
30  1.437000e+001
33  9.145000e+000
52  1.360000e+001
56  6.753000e+000
64  2.958000e+001
68  6.623000e+000
71  2.360000e+001
75  3.645000e+001
82  2.554000e+001
85  2.315000e+001
88  2.528000e+001
96  3.165000e+001
98  3.405000e+001
105  8.955000e+000
110  2.328000e+001
115  8.542000e+000
118  1.177000e+001
122  2.399000e+001
125  1.192000e+001
129  6.755000e+000
137  1.519000e+001
156  2.657000e+001
   9 
3  3.570000e+001
8  1.321000e+001
11  2.828000e+001
20  1.923000e+001
22  2.347000e+001
30  2.131000e+001
33  1.443000e+001
52  2.165000e+001
56  1.146000e+001
64  3.704000e+001
68  1.117000e+001
71  2.721000e+001
75  4.313000e+001
82  2.758000e+001
85  3.195000e+001
88  3.304000e+001
96  3.574000e+001
98  4.397000e+001
105  1.488000e+001
110  3.047000e+001
115  1.455000e+001
118  1.440000e+001
122  3.119000e+001
125  2.008000e+001
129  1.126000e+001
137  2.220000e+001
156  2.450000e+001
   10 
3  2.363000e+001
8  7.047000e+000
11  1.849000e+001
20  9.864000e+000
22  1.428000e+001
30  1.056000e+001
33  7.533000e+000
52  1.000000e+001
56  5.761000e+000
64  2.471000e+001
68  5.620000e+000
71  1.787000e+001
75  2.989000e+001
82  2.026000e+001
85  1.963000e+001
88  2.058000e+001
96  2.385000e+001
98  2.556000e+001
105  7.506000e+000
110  1.913000e+001
115  7.226000e+000
118  9.324000e+000
122  2.077000e+001
125  8.532000e+000
129  5.772000e+000
137  1.139000e+001
156  1.786000e+001
   11 
3  5.704000e+001
8  1.988000e+001
11  4.761000e+001
20  2.772000e+001
22  3.713000e+001
30  3.082000e+001
33  2.138000e+001
52  2.924000e+001
56  1.702000e+001
64  6.064000e+001
68  1.648000e+001
71  4.644000e+001
75  6.826000e+001
82  4.873000e+001
85  5.189000e+001
88  5.677000e+001
96  5.809000e+001
98  6.596000e+001
105  2.171000e+001
110  4.979000e+001
115  2.047000e+001
118  2.237000e+001
122  5.479000e+001
125  2.486000e+001
129  1.661000e+001
137  3.053000e+001
156  4.765000e+001
   12 
3  5.010000e+001
8  1.861000e+001
11  4.101000e+001
20  2.444000e+001
22  3.076000e+001
30  3.018000e+001
33  1.926000e+001
52  3.116000e+001
56  1.745000e+001
64  5.294000e+001
68  1.696000e+001
71  3.529000e+001
75  5.254000e+001
82  3.718000e+001
85  4.553000e+001
88  5.026000e+001
96  4.787000e+001
98  5.370000e+001
105  2.035000e+001
110  4.457000e+001
115  1.912000e+001
118  1.873000e+001
122  5.176000e+001
125  2.845000e+001
129  1.619000e+001
137  3.136000e+001
156  4.017000e+001
   13 
3  3.045000e+001
8  1.076000e+001
11  2.329000e+001
20  1.465000e+001
22  2.074000e+001
30  1.392000e+001
33  1.124000e+001
52  1.379000e+001
56  8.796000e+000
64  2.885000e+001
68  8.525000e+000
71  2.533000e+001
75  3.965000e+001
82  2.421000e+001
85  2.712000e+001
88  2.514000e+001
96  3.155000e+001
98  3.808000e+001
105  1.131000e+001
110  2.596000e+001
115  1.082000e+001
118  1.226000e+001
122  2.435000e+001
125  1.214000e+001
129  8.603000e+000
137  1.446000e+001
156  2.017000e+001
   14 
3  5.597000e+001
8  2.346000e+001
11  4.549000e+001
20  3.197000e+001
22  3.825000e+001
30  3.026000e+001
33  2.484000e+001
52  3.174000e+001
56  2.157000e+001
64  5.547000e+001
68  2.088000e+001
71  4.840000e+001
75  6.770000e+001
82  4.382000e+001
85  5.250000e+001
88  4.854000e+001
96  5.499000e+001
98  7.440000e+001
105  2.584000e+001
110  5.039000e+001
115  2.446000e+001
118  2.323000e+001
122  4.529000e+001
125  2.722000e+001
129  2.048000e+001
137  2.997000e+001
156  3.527000e+001
   15 
3  4.233000e+001
8  1.748000e+001
11  3.416000e+001
20  2.250000e+001
22  2.913000e+001
30  2.275000e+001
33  1.764000e+001
52  2.281000e+001
56  1.556000e+001
64  4.301000e+001
68  1.516000e+001
71  3.446000e+001
75  5.188000e+001
82  3.332000e+001
85  3.925000e+001
88  3.787000e+001
96  4.292000e+001
98  5.301000e+001
105  1.850000e+001
110  3.860000e+001
115  1.750000e+001
118  1.761000e+001
122  3.596000e+001
125  1.920000e+001
129  1.468000e+001
137  2.255000e+001
156  2.771000e+001
   16 
3  3.146000e+001
8  1.269000e+001
11  2.478000e+001
20  1.637000e+001
22  2.139000e+001
30  1.561000e+001
33  1.278000e+001
52  1.662000e+001
56  1.110000e+001
64  3.126000e+001
68  1.073000e+001
71  2.635000e+001
75  3.845000e+001
82  2.431000e+001
85  2.902000e+001
88  2.649000e+001
96  3.089000e+001
98  4.014000e+001
105  1.330000e+001
110  2.774000e+001
115  1.263000e+001
118  1.279000e+001
122  2.507000e+001
125  1.426000e+001
129  1.048000e+001
137  1.652000e+001
156  2.074000e+001
   17 
3  4.592000e+001
8  1.620000e+001
11  3.663000e+001
20  2.218000e+001
22  3.113000e+001
30  2.151000e+001
33  1.702000e+001
52  2.081000e+001
56  1.325000e+001
64  4.549000e+001
68  1.266000e+001
71  4.039000e+001
75  6.181000e+001
82  3.882000e+001
85  4.163000e+001
88  4.002000e+001
96  5.041000e+001
98  5.708000e+001
105  1.710000e+001
110  3.942000e+001
115  1.629000e+001
118  1.938000e+001
122  3.953000e+001
125  1.768000e+001
129  1.282000e+001
137  2.192000e+001
156  3.104000e+001
   18 
3  2.734000e+001
8  2.109000e+001
11  2.266000e+001
20  2.434000e+001
22  2.601000e+001
30  2.328000e+001
33  2.229000e+001
52  2.052000e+001
56  1.927000e+001
64  4.586000e+001
68  1.830000e+001
71  2.715000e+001
75  4.696000e+001
82  3.208000e+001
85  2.957000e+001
88  2.843000e+001
96  4.171000e+001
98  4.623000e+001
105  2.070000e+001
110  2.651000e+001
115  2.112000e+001
118  2.087000e+001
122  4.714000e+001
125  2.078000e+001
129  1.937000e+001
137  2.066000e+001
156  2.599000e+001
   19 
3  3.910000e+001
8  1.471000e+001
11  3.101000e+001
20  1.994000e+001
22  2.686000e+001
30  1.840000e+001
33  1.531000e+001
52  1.793000e+001
56  1.150000e+001
64  3.811000e+001
68  1.123000e+001
71  3.495000e+001
75  5.096000e+001
82  3.084000e+001
85  3.575000e+001
88  3.239000e+001
96  4.053000e+001
98  5.303000e+001
105  1.507000e+001
110  3.447000e+001
115  1.443000e+001
118  1.658000e+001
122  3.098000e+001
125  1.603000e+001
129  1.144000e+001
137  1.912000e+001
156  2.708000e+001
   20 
3  4.905000e+001
8  1.851000e+001
11  4.026000e+001
20  2.511000e+001
22  3.377000e+001
30  2.368000e+001
33  1.942000e+001
52  2.349000e+001
56  1.505000e+001
64  4.829000e+001
68  1.457000e+001
71  4.144000e+001
75  6.081000e+001
82  3.790000e+001
85  4.563000e+001
88  4.187000e+001
96  4.955000e+001
98  6.134000e+001
105  1.939000e+001
110  4.346000e+001
115  1.851000e+001
118  1.919000e+001
122  4.139000e+001
125  2.065000e+001
129  1.494000e+001
137  2.328000e+001
156  3.232000e+001
   21 
3  2.570000e+001
8  8.727000e+000
11  2.014000e+001
20  1.241000e+001
22  1.830000e+001
30  1.187000e+001
33  9.563000e+000
52  1.124000e+001
56  6.594000e+000
64  2.641000e+001
68  6.526000e+000
71  2.535000e+001
75  4.551000e+001
82  2.978000e+001
85  2.366000e+001
88  2.171000e+001
96  3.741000e+001
98  4.084000e+001
105  8.766000e+000
110  2.170000e+001
115  8.603000e+000
118  1.212000e+001
122  2.160000e+001
125  9.999000e+000
129  6.825000e+000
137  1.510000e+001
156  1.809000e+001
   22 
3  3.368000e+001
8  1.630000e+001
11  2.133000e+001
20  1.953000e+001
22  2.190000e+001
30  2.190000e+001
33  1.584000e+001
52  2.252000e+001
56  1.409000e+001
64  3.379000e+001
68  1.436000e+001
71  2.352000e+001
75  3.841000e+001
82  2.571000e+001
85  3.016000e+001
88  3.148000e+001
96  3.197000e+001
98  3.974000e+001
105  1.621000e+001
110  2.990000e+001
115  1.705000e+001
118  1.444000e+001
122  3.055000e+001
125  2.191000e+001
129  1.251000e+001
137  2.252000e+001
156  1.991000e+001
   23 
3  2.996000e+001
8  1.098000e+001
11  2.293000e+001
20  1.465000e+001
22  2.027000e+001
30  1.414000e+001
33  1.131000e+001
52  1.439000e+001
56  9.462000e+000
64  2.940000e+001
68  9.123000e+000
71  2.407000e+001
75  3.732000e+001
82  2.335000e+001
85  2.691000e+001
88  2.496000e+001
96  2.992000e+001
98  3.636000e+001
105  1.164000e+001
110  2.580000e+001
115  1.108000e+001
118  1.174000e+001
122  2.414000e+001
125  1.248000e+001
129  9.075000e+000
137  1.481000e+001
156  1.947000e+001
   24 
3  2.266000e+001
8  8.105000e+000
11  1.715000e+001
20  1.065000e+001
22  1.542000e+001
30  1.011000e+001
33  8.290000e+000
52  1.059000e+001
56  6.892000e+000
64  2.147000e+001
68  6.602000e+000
71  1.864000e+001
75  2.927000e+001
82  1.757000e+001
85  2.008000e+001
88  1.800000e+001
96  2.292000e+001
98  2.765000e+001
105  8.495000e+000
110  1.812000e+001
115  8.069000e+000
118  9.195000e+000
122  1.774000e+001
125  9.201000e+000
129  6.613000e+000
137  1.090000e+001
156  1.444000e+001
   25 
3  2.730000e+001
8  1.133000e+001
11  2.100000e+001
20  1.454000e+001
22  1.845000e+001
30  1.375000e+001
33  1.153000e+001
52  1.458000e+001
56  9.943000e+000
64  2.570000e+001
68  9.763000e+000
71  2.389000e+001
75  3.565000e+001
82  2.202000e+001
85  2.455000e+001
88  2.274000e+001
96  2.789000e+001
98  3.754000e+001
105  1.203000e+001
110  2.259000e+001
115  1.133000e+001
118  1.229000e+001
122  2.161000e+001
125  1.265000e+001
129  9.476000e+000
137  1.519000e+001
156  1.764000e+001
   26 
3  2.757000e+001
8  1.021000e+001
11  2.202000e+001
20  1.422000e+001
22  1.904000e+001
30  1.410000e+001
33  1.078000e+001
52  1.328000e+001
56  8.299000e+000
64  2.701000e+001
68  8.078000e+000
71  2.353000e+001
75  3.597000e+001
82  2.278000e+001
85  2.481000e+001
88  2.385000e+001
96  2.923000e+001
98  3.712000e+001
105  1.078000e+001
110  2.342000e+001
115  1.028000e+001
118  1.220000e+001
122  2.243000e+001
125  1.186000e+001
129  8.263000e+000
137  1.445000e+001
156  1.834000e+001
   27 
3  2.411000e+001
8  8.252000e+000
11  1.847000e+001
20  1.092000e+001
22  1.519000e+001
30  1.246000e+001
33  8.533000e+000
52  1.244000e+001
56  7.424000e+000
64  2.673000e+001
68  7.209000e+000
71  2.030000e+001
75  3.319000e+001
82  2.292000e+001
85  2.054000e+001
88  2.186000e+001
96  2.635000e+001
98  2.880000e+001
105  8.944000e+000
110  2.040000e+001
115  8.399000e+000
118  1.015000e+001
122  2.204000e+001
125  1.048000e+001
129  7.109000e+000
137  1.348000e+001
156  2.165000e+001
   28 
3  3.295000e+001
8  1.281000e+001
11  2.629000e+001
20  1.669000e+001
22  2.260000e+001
30  1.637000e+001
33  1.304000e+001
52  1.684000e+001
56  1.119000e+001
64  3.203000e+001
68  1.079000e+001
71  2.694000e+001
75  4.053000e+001
82  2.572000e+001
85  3.022000e+001
88  2.827000e+001
96  3.301000e+001
98  4.102000e+001
105  1.354000e+001
110  2.925000e+001
115  1.283000e+001
118  1.331000e+001
122  2.710000e+001
125  1.435000e+001
129  1.069000e+001
137  1.680000e+001
156  2.177000e+001
   29 
3  5.967000e+001
8  2.358000e+001
11  5.045000e+001
20  3.220000e+001
22  4.109000e+001
30  3.071000e+001
33  2.511000e+001
52  3.168000e+001
56  2.056000e+001
64  5.973000e+001
68  1.973000e+001
71  5.157000e+001
75  7.262000e+001
82  4.635000e+001
85  5.675000e+001
88  5.195000e+001
96  5.985000e+001
98  7.805000e+001
105  2.553000e+001
110  5.459000e+001
115  2.424000e+001
118  2.368000e+001
122  4.975000e+001
125  2.734000e+001
129  1.992000e+001
137  3.001000e+001
156  3.956000e+001
   30 
3  2.291000e+001
8  7.818000e+000
11  1.651000e+001
20  1.052000e+001
22  1.537000e+001
30  9.945000e+000
33  8.117000e+000
52  9.957000e+000
56  6.280000e+000
64  2.362000e+001
68  6.070000e+000
71  2.157000e+001
75  3.762000e+001
82  2.474000e+001
85  2.005000e+001
88  1.836000e+001
96  3.248000e+001
98  3.359000e+001
105  8.098000e+000
110  1.864000e+001
115  7.737000e+000
118  1.064000e+001
122  1.846000e+001
125  8.757000e+000
129  6.121000e+000
137  1.245000e+001
156  1.729000e+001
   31 
3  2.622000e+001
8  8.599000e+000
11  2.043000e+001
20  1.211000e+001
22  1.707000e+001
30  1.285000e+001
33  9.242000e+000
52  1.167000e+001
56  7.076000e+000
64  2.707000e+001
68  6.936000e+000
71  2.038000e+001
75  3.231000e+001
82  2.248000e+001
85  2.238000e+001
88  2.330000e+001
96  2.667000e+001
98  3.125000e+001
105  9.202000e+000
110  2.260000e+001
115  8.820000e+000
118  1.054000e+001
122  2.215000e+001
125  1.022000e+001
129  7.129000e+000
137  1.355000e+001
156  1.763000e+001
   32 
3  3.682000e+001
8  1.216000e+001
11  2.870000e+001
20  1.696000e+001
22  2.395000e+001
30  1.663000e+001
33  1.299000e+001
52  1.536000e+001
56  9.684000e+000
64  3.552000e+001
68  9.512000e+000
71  2.944000e+001
75  4.618000e+001
82  2.958000e+001
85  3.159000e+001
88  3.125000e+001
96  3.810000e+001
98  4.246000e+001
105  1.273000e+001
110  3.044000e+001
115  1.223000e+001
118  1.448000e+001
122  3.111000e+001
125  1.331000e+001
129  9.767000e+000
137  1.645000e+001
156  2.274000e+001
   33 
3  2.628000e+001
8  8.352000e+000
11  2.062000e+001
20  1.208000e+001
22  1.790000e+001
30  1.197000e+001
33  9.215000e+000
52  1.159000e+001
56  6.576000e+000
64  2.767000e+001
68  6.253000e+000
71  2.586000e+001
75  4.542000e+001
82  2.910000e+001
85  2.363000e+001
88  2.259000e+001
96  3.731000e+001
98  4.060000e+001
105  8.655000e+000
110  2.307000e+001
115  8.460000e+000
118  1.161000e+001
122  2.249000e+001
125  9.860000e+000
129  6.354000e+000
137  1.523000e+001
156  2.046000e+001
   34 
3  4.930000e+001
8  1.961000e+001
11  3.965000e+001
20  2.595000e+001
22  3.413000e+001
30  2.458000e+001
33  2.023000e+001
52  2.512000e+001
56  1.687000e+001
64  4.905000e+001
68  1.626000e+001
71  4.349000e+001
75  6.358000e+001
82  3.950000e+001
85  4.607000e+001
88  4.259000e+001
96  5.144000e+001
98  6.466000e+001
105  2.082000e+001
110  4.428000e+001
115  1.964000e+001
118  2.052000e+001
122  4.077000e+001
125  2.153000e+001
129  1.621000e+001
137  2.469000e+001
156  3.350000e+001
   35 
3  4.336000e+001
8  3.290000e+001
11  2.185000e+001
20  3.890000e+001
22  3.413000e+001
30  3.648000e+001
33  3.020000e+001
52  3.443000e+001
56  2.322000e+001
64  4.288000e+001
68  2.829000e+001
71  2.431000e+001
75  4.610000e+001
82  3.497000e+001
85  3.316000e+001
88  3.806000e+001
96  5.599000e+001
98  4.607000e+001
105  2.696000e+001
110  3.977000e+001
115  2.945000e+001
118  1.705000e+001
122  3.985000e+001
125  3.380000e+001
129  2.073000e+001
137  3.363000e+001
156  2.108000e+001
   36 
3  3.126000e+001
8  1.209000e+001
11  1.787000e+001
20  1.851000e+001
22  1.473000e+001
30  2.298000e+001
33  1.041000e+001
52  2.184000e+001
56  7.401000e+000
64  5.018000e+001
68  1.012000e+001
71  1.537000e+001
75  4.914000e+001
82  2.392000e+001
85  3.654000e+001
88  2.895000e+001
96  3.354000e+001
98  4.685000e+001
105  8.791000e+000
110  2.772000e+001
115  1.080000e+001
118  1.090000e+001
122  5.030000e+001
125  2.017000e+001
129  7.264000e+000
137  2.117000e+001
156  2.368000e+001
   37 
3  1.050000e+002
8  3.962000e+001
11  9.065000e+001
20  5.533000e+001
22  7.095000e+001
30  5.322000e+001
33  4.281000e+001
52  5.208000e+001
56  3.375000e+001
64  1.043000e+002
68  3.246000e+001
71  8.673000e+001
75  1.237000e+002
82  7.847000e+001
85  1.012000e+002
88  9.384000e+001
96  1.042000e+002
98  1.284000e+002
105  4.319000e+001
110  9.513000e+001
115  4.094000e+001
118  3.918000e+001
122  9.386000e+001
125  4.485000e+001
129  3.288000e+001
137  4.805000e+001
156  6.921000e+001
   38 
3  2.669000e+001
8  9.358000e+000
11  1.978000e+001
20  1.258000e+001
22  1.778000e+001
30  1.146000e+001
33  9.702000e+000
52  1.141000e+001
56  7.388000e+000
64  2.482000e+001
68  7.223000e+000
71  2.236000e+001
75  3.477000e+001
82  2.053000e+001
85  2.317000e+001
88  2.089000e+001
96  2.643000e+001
98  3.261000e+001
105  9.591000e+000
110  2.144000e+001
115  9.197000e+000
118  1.070000e+001
122  2.029000e+001
125  1.045000e+001
129  7.447000e+000
137  1.286000e+001
156  1.785000e+001
   39 
3  2.894000e+001
8  1.064000e+001
11  2.131000e+001
20  1.513000e+001
22  1.886000e+001
30  1.704000e+001
33  1.184000e+001
52  1.737000e+001
56  9.648000e+000
64  2.922000e+001
68  9.671000e+000
71  2.189000e+001
75  3.525000e+001
82  2.453000e+001
85  2.507000e+001
88  2.621000e+001
96  2.897000e+001
98  3.513000e+001
105  1.228000e+001
110  2.435000e+001
115  1.216000e+001
118  1.188000e+001
122  2.529000e+001
125  1.626000e+001
129  9.250000e+000
137  1.769000e+001
156  1.890000e+001
   40 
3  4.945000e+001
8  1.485000e+001
11  4.216000e+001
20  2.196000e+001
22  3.095000e+001
30  2.636000e+001
33  1.657000e+001
52  2.497000e+001
56  1.198000e+001
64  5.201000e+001
68  1.190000e+001
71  3.957000e+001
75  5.582000e+001
82  4.194000e+001
85  4.325000e+001
88  4.918000e+001
96  4.880000e+001
98  5.351000e+001
105  1.610000e+001
110  4.244000e+001
115  1.534000e+001
118  1.827000e+001
122  4.943000e+001
125  2.344000e+001
129  1.212000e+001
137  2.704000e+001
156  4.595000e+001
   41 
3  4.967000e+001
8  1.217000e+001
11  4.251000e+001
20  2.093000e+001
22  3.120000e+001
30  2.320000e+001
33  1.549000e+001
52  2.150000e+001
56  9.690000e+000
64  5.665000e+001
68  1.027000e+001
71  4.202000e+001
75  6.850000e+001
82  4.240000e+001
85  4.277000e+001
88  4.926000e+001
96  5.538000e+001
98  5.742000e+001
105  1.275000e+001
110  4.093000e+001
115  1.292000e+001
118  1.734000e+001
122  4.921000e+001
125  1.819000e+001
129  1.012000e+001
137  2.434000e+001
156  5.201000e+001
   42 
3  2.845000e+001
8  9.291000e+000
11  2.252000e+001
20  1.436000e+001
22  1.956000e+001
30  1.566000e+001
33  1.054000e+001
52  1.569000e+001
56  7.818000e+000
64  2.980000e+001
68  7.530000e+000
71  2.684000e+001
75  4.369000e+001
82  3.014000e+001
85  2.546000e+001
88  2.650000e+001
96  4.007000e+001
98  4.204000e+001
105  1.025000e+001
110  2.514000e+001
115  9.958000e+000
118  1.371000e+001
122  2.500000e+001
125  1.403000e+001
129  7.796000e+000
137  1.760000e+001
156  2.461000e+001
   43 
3  4.071000e+001
8  1.601000e+001
11  3.332000e+001
20  2.101000e+001
22  2.785000e+001
30  2.270000e+001
33  1.639000e+001
52  2.245000e+001
56  1.438000e+001
64  4.280000e+001
68  1.401000e+001
71  3.410000e+001
75  5.078000e+001
82  3.542000e+001
85  3.750000e+001
88  3.884000e+001
96  4.318000e+001
98  5.012000e+001
105  1.721000e+001
110  3.670000e+001
115  1.626000e+001
118  1.803000e+001
122  3.679000e+001
125  1.870000e+001
129  1.365000e+001
137  2.253000e+001
156  2.846000e+001
   44 
3  7.170000e+001
8  2.979000e+001
11  5.789000e+001
20  4.047000e+001
22  4.980000e+001
30  3.764000e+001
33  3.145000e+001
52  3.882000e+001
56  2.665000e+001
64  7.121000e+001
68  2.575000e+001
71  6.318000e+001
75  9.046000e+001
82  5.630000e+001
85  6.800000e+001
88  6.217000e+001
96  7.111000e+001
98  9.618000e+001
105  3.257000e+001
110  6.535000e+001
115  3.066000e+001
118  2.968000e+001
122  5.864000e+001
125  3.341000e+001
129  2.546000e+001
137  3.690000e+001
156  4.693000e+001
   45 
3  3.504000e+001
8  1.177000e+001
11  2.785000e+001
20  1.649000e+001
22  2.422000e+001
30  1.537000e+001
33  1.264000e+001
52  1.465000e+001
56  8.712000e+000
64  3.385000e+001
68  8.697000e+000
71  3.145000e+001
75  4.842000e+001
82  2.952000e+001
85  3.129000e+001
88  2.898000e+001
96  3.879000e+001
98  4.587000e+001
105  1.179000e+001
110  2.996000e+001
115  1.150000e+001
118  1.599000e+001
122  2.819000e+001
125  1.317000e+001
129  9.019000e+000
137  1.679000e+001
156  2.486000e+001
   46 
3  2.735000e+001
8  7.903000e+000
11  2.256000e+001
20  1.124000e+001
22  1.622000e+001
30  1.320000e+001
33  8.617000e+000
52  1.275000e+001
56  6.617000e+000
64  2.950000e+001
68  6.427000e+000
71  2.114000e+001
75  3.226000e+001
82  2.308000e+001
85  2.292000e+001
88  2.588000e+001
96  2.666000e+001
98  2.874000e+001
105  8.592000e+000
110  2.238000e+001
115  8.155000e+000
118  1.049000e+001
122  2.669000e+001
125  1.199000e+001
129  6.668000e+000
137  1.412000e+001
156  2.534000e+001
   47 
3  2.465000e+001
8  7.908000e+000
11  1.890000e+001
20  1.068000e+001
22  1.509000e+001
30  1.118000e+001
33  8.275000e+000
52  1.087000e+001
56  6.834000e+000
64  2.511000e+001
68  6.597000e+000
71  1.845000e+001
75  3.018000e+001
82  2.014000e+001
85  2.067000e+001
88  2.092000e+001
96  2.428000e+001
98  2.666000e+001
105  8.484000e+000
110  1.988000e+001
115  8.073000e+000
118  9.391000e+000
122  2.132000e+001
125  9.113000e+000
129  6.644000e+000
137  1.178000e+001
156  1.635000e+001
   48 
3  2.442000e+001
8  8.365000e+000
11  1.896000e+001
20  1.123000e+001
22  1.562000e+001
30  1.249000e+001
33  8.673000e+000
52  1.238000e+001
56  7.499000e+000
64  2.593000e+001
68  7.236000e+000
71  1.828000e+001
75  2.973000e+001
82  2.064000e+001
85  2.104000e+001
88  2.223000e+001
96  2.447000e+001
98  2.777000e+001
105  9.062000e+000
110  2.083000e+001
115  8.602000e+000
118  9.582000e+000
122  2.191000e+001
125  1.038000e+001
129  7.126000e+000
137  1.320000e+001
156  1.804000e+001
   49 
3  3.749000e+001
8  1.463000e+001
11  3.032000e+001
20  1.953000e+001
22  2.561000e+001
30  1.999000e+001
33  1.508000e+001
52  1.958000e+001
56  1.282000e+001
64  3.811000e+001
68  1.239000e+001
71  3.055000e+001
75  4.633000e+001
82  2.961000e+001
85  3.422000e+001
88  3.367000e+001
96  3.844000e+001
98  4.761000e+001
105  1.568000e+001
110  3.284000e+001
115  1.484000e+001
118  1.529000e+001
122  3.154000e+001
125  1.670000e+001
129  1.219000e+001
137  1.954000e+001
156  2.411000e+001
   50 
3  1.208000e+002
8  1.130000e+002
11  8.763000e+001
20  1.321000e+002
22  1.236000e+002
30  1.167000e+002
33  1.096000e+002
52  1.113000e+002
56  9.284000e+001
64  1.201000e+002
68  9.779000e+001
71  8.320000e+001
75  1.189000e+002
82  1.176000e+002
85  1.055000e+002
88  1.172000e+002
96  1.089000e+002
98  1.279000e+002
105  1.081000e+002
110  1.197000e+002
115  1.056000e+002
118  7.459000e+001
122  1.203000e+002
125  1.082000e+002
129  8.526000e+001
137  1.035000e+002
156  7.194000e+001
   51 
3  8.116000e+001
8  3.538000e+001
11  6.686000e+001
20  4.767000e+001
22  5.457000e+001
30  4.532000e+001
33  3.829000e+001
52  4.779000e+001
56  3.398000e+001
64  8.010000e+001
68  3.291000e+001
71  6.971000e+001
75  9.671000e+001
82  6.450000e+001
85  7.626000e+001
88  7.051000e+001
96  7.842000e+001
98  1.097000e+002
105  4.010000e+001
110  7.231000e+001
115  3.802000e+001
118  3.481000e+001
122  6.372000e+001
125  4.150000e+001
129  3.215000e+001
137  4.390000e+001
156  4.993000e+001
   52 
3  2.755000e+001
8  7.922000e+000
11  2.220000e+001
20  1.200000e+001
22  1.644000e+001
30  1.732000e+001
33  9.077000e+000
52  1.765000e+001
56  6.672000e+000
64  3.195000e+001
68  6.560000e+000
71  1.990000e+001
75  3.811000e+001
82  2.232000e+001
85  2.406000e+001
88  2.632000e+001
96  4.064000e+001
98  3.402000e+001
105  8.875000e+000
110  2.436000e+001
115  8.773000e+000
118  1.161000e+001
122  2.591000e+001
125  1.709000e+001
129  6.691000e+000
137  1.843000e+001
156  3.362000e+001
   53 
3  3.141000e+001
8  3.083000e+001
11  3.128000e+001
20  2.707000e+001
22  2.053000e+001
30  1.940000e+001
33  1.896000e+001
52  1.919000e+001
56  1.769000e+001
64  3.946000e+001
68  1.638000e+001
71  2.156000e+001
75  3.917000e+001
82  2.202000e+001
85  2.023000e+001
88  2.170000e+001
96  3.545000e+001
98  3.760000e+001
105  1.681000e+001
110  2.233000e+001
115  1.727000e+001
118  1.740000e+001
122  3.868000e+001
125  1.848000e+001
129  1.739000e+001
137  1.876000e+001
156  1.691000e+001
   54 
3  2.676000e+001
8  7.142000e+000
11  2.111000e+001
20  1.058000e+001
22  1.455000e+001
30  1.391000e+001
33  8.012000e+000
52  1.371000e+001
56  5.880000e+000
64  3.055000e+001
68  5.824000e+000
71  1.751000e+001
75  3.463000e+001
82  1.883000e+001
85  2.184000e+001
88  2.465000e+001
96  3.430000e+001
98  2.910000e+001
105  7.831000e+000
110  2.217000e+001
115  7.447000e+000
118  1.015000e+001
122  2.614000e+001
125  1.379000e+001
129  5.901000e+000
137  1.485000e+001
156  3.024000e+001
   55 
3  2.437000e+001
8  9.369000e+000
11  1.897000e+001
20  1.250000e+001
22  1.612000e+001
30  1.204000e+001
33  9.803000e+000
52  1.253000e+001
56  8.091000e+000
64  2.249000e+001
68  7.906000e+000
71  1.988000e+001
75  3.051000e+001
82  1.880000e+001
85  2.163000e+001
88  1.983000e+001
96  2.405000e+001
98  3.127000e+001
105  1.009000e+001
110  1.996000e+001
115  9.564000e+000
118  1.039000e+001
122  1.929000e+001
125  1.100000e+001
129  7.782000e+000
137  1.329000e+001
156  1.566000e+001
   56 
3  2.340000e+001
8  8.028000e+000
11  1.803000e+001
20  1.082000e+001
22  1.517000e+001
30  1.196000e+001
33  8.412000e+000
52  1.175000e+001
56  7.151000e+000
64  2.538000e+001
68  6.887000e+000
71  1.812000e+001
75  2.928000e+001
82  2.022000e+001
85  2.007000e+001
88  2.108000e+001
96  2.405000e+001
98  2.725000e+001
105  8.731000e+000
110  2.009000e+001
115  8.262000e+000
118  9.438000e+000
122  2.082000e+001
125  9.905000e+000
129  6.882000e+000
137  1.230000e+001
156  1.695000e+001
   57 
3  2.631000e+001
8  8.360000e+000
11  2.005000e+001
20  1.308000e+001
22  1.592000e+001
30  1.773000e+001
33  9.065000e+000
52  1.860000e+001
56  7.474000e+000
64  2.855000e+001
68  7.214000e+000
71  1.800000e+001
75  3.057000e+001
82  2.263000e+001
85  2.267000e+001
88  2.492000e+001
96  2.662000e+001
98  2.968000e+001
105  9.511000e+000
110  2.378000e+001
115  9.959000e+000
118  1.036000e+001
122  2.552000e+001
125  1.784000e+001
129  7.154000e+000
137  1.861000e+001
156  2.946000e+001
   58 
3  4.025000e+001
8  1.618000e+001
11  3.224000e+001
20  2.219000e+001
22  2.764000e+001
30  2.055000e+001
33  1.743000e+001
52  2.090000e+001
56  1.416000e+001
64  3.944000e+001
68  1.359000e+001
71  3.679000e+001
75  5.217000e+001
82  3.284000e+001
85  3.693000e+001
88  3.389000e+001
96  4.099000e+001
98  5.744000e+001
105  1.779000e+001
110  3.455000e+001
115  1.683000e+001
118  1.811000e+001
122  3.158000e+001
125  1.855000e+001
129  1.338000e+001
137  2.111000e+001
156  2.590000e+001
   59 
3  2.374000e+001
8  7.029000e+000
11  1.637000e+001
20  9.711000e+000
22  1.408000e+001
30  9.221000e+000
33  7.453000e+000
52  8.952000e+000
56  5.482000e+000
64  2.351000e+001
68  5.353000e+000
71  2.089000e+001
75  3.739000e+001
82  2.261000e+001
85  1.890000e+001
88  1.807000e+001
96  3.131000e+001
98  3.289000e+001
105  7.237000e+000
110  1.827000e+001
115  6.953000e+000
118  9.466000e+000
122  1.814000e+001
125  7.916000e+000
129  5.457000e+000
137  1.171000e+001
156  1.892000e+001
   60 
3  2.459000e+001
8  9.276000e+000
11  1.859000e+001
20  1.241000e+001
22  1.668000e+001
30  1.172000e+001
33  9.542000e+000
52  1.185000e+001
56  7.776000e+000
64  2.310000e+001
68  7.504000e+000
71  2.104000e+001
75  3.204000e+001
82  1.951000e+001
85  2.198000e+001
88  2.010000e+001
96  2.514000e+001
98  3.290000e+001
105  9.746000e+000
110  1.997000e+001
115  9.252000e+000
118  1.058000e+001
122  1.936000e+001
125  1.049000e+001
129  7.532000e+000
137  1.306000e+001
156  1.613000e+001
   61 
3  2.770000e+001
8  9.964000e+000
11  2.057000e+001
20  1.432000e+001
22  1.719000e+001
30  1.880000e+001
33  1.041000e+001
52  1.972000e+001
56  9.354000e+000
64  2.989000e+001
68  9.066000e+000
71  1.924000e+001
75  3.182000e+001
82  2.476000e+001
85  2.423000e+001
88  2.636000e+001
96  2.741000e+001
98  3.106000e+001
105  1.113000e+001
110  2.508000e+001
115  1.113000e+001
118  1.077000e+001
122  2.687000e+001
125  1.871000e+001
129  8.702000e+000
137  1.955000e+001
156  2.692000e+001
   62 
3  5.463000e+001
8  2.022000e+001
11  4.448000e+001
20  2.754000e+001
22  3.602000e+001
30  2.805000e+001
33  2.120000e+001
52  2.667000e+001
56  1.763000e+001
64  5.573000e+001
68  1.707000e+001
71  4.205000e+001
75  6.453000e+001
82  4.217000e+001
85  5.039000e+001
88  5.015000e+001
96  5.396000e+001
98  6.313000e+001
105  2.189000e+001
110  4.767000e+001
115  2.071000e+001
118  2.071000e+001
122  4.937000e+001
125  2.213000e+001
129  1.685000e+001
137  2.594000e+001
156  3.460000e+001
   63 
3  3.499000e+001
8  1.230000e+001
11  2.800000e+001
20  1.680000e+001
22  2.338000e+001
30  1.753000e+001
33  1.298000e+001
52  1.656000e+001
56  1.064000e+001
64  3.569000e+001
68  1.030000e+001
71  2.686000e+001
75  4.242000e+001
82  2.841000e+001
85  3.134000e+001
88  3.181000e+001
96  3.540000e+001
98  4.080000e+001
105  1.331000e+001
110  3.049000e+001
115  1.264000e+001
118  1.359000e+001
122  3.078000e+001
125  1.399000e+001
129  1.034000e+001
137  1.732000e+001
156  2.254000e+001
   64 
3  7.425000e+001
8  1.979000e+001
11  6.476000e+001
20  2.839000e+001
22  4.397000e+001
30  3.602000e+001
33  2.179000e+001
52  4.083000e+001
56  1.694000e+001
64  7.955000e+001
68  1.759000e+001
71  5.974000e+001
75  8.880000e+001
82  5.682000e+001
85  7.045000e+001
88  7.198000e+001
96  7.794000e+001
98  8.781000e+001
105  2.105000e+001
110  6.621000e+001
115  2.279000e+001
118  2.665000e+001
122  7.211000e+001
125  3.528000e+001
129  1.797000e+001
137  3.863000e+001
156  5.371000e+001
   65 
3  3.422000e+001
8  9.986000e+000
11  2.672000e+001
20  1.543000e+001
22  2.206000e+001
30  2.084000e+001
33  1.162000e+001
52  2.118000e+001
56  8.373000e+000
64  3.707000e+001
68  8.247000e+000
71  2.961000e+001
75  4.724000e+001
82  3.171000e+001
85  3.060000e+001
88  3.379000e+001
96  4.128000e+001
98  4.348000e+001
105  1.111000e+001
110  3.101000e+001
115  1.086000e+001
118  1.516000e+001
122  3.226000e+001
125  1.960000e+001
129  8.586000e+000
137  2.256000e+001
156  4.105000e+001
   66 
3  2.421000e+001
8  7.515000e+000
11  1.816000e+001
20  1.034000e+001
22  1.495000e+001
30  1.054000e+001
33  7.986000e+000
52  9.890000e+000
56  6.126000e+000
64  2.590000e+001
68  5.912000e+000
71  2.119000e+001
75  3.638000e+001
82  2.386000e+001
85  2.027000e+001
88  2.038000e+001
96  3.062000e+001
98  3.106000e+001
105  7.936000e+000
110  1.992000e+001
115  7.565000e+000
118  1.061000e+001
122  1.997000e+001
125  8.351000e+000
129  6.060000e+000
137  1.178000e+001
156  1.976000e+001
   67 
3  2.666000e+001
8  8.754000e+000
11  1.970000e+001
20  1.212000e+001
22  1.756000e+001
30  1.157000e+001
33  9.317000e+000
52  1.088000e+001
56  6.732000e+000
64  2.768000e+001
68  6.650000e+000
71  2.492000e+001
75  4.328000e+001
82  2.829000e+001
85  2.316000e+001
88  2.164000e+001
96  3.623000e+001
98  3.835000e+001
105  8.929000e+000
110  2.263000e+001
115  8.617000e+000
118  1.185000e+001
122  2.134000e+001
125  9.737000e+000
129  6.803000e+000
137  1.381000e+001
156  2.049000e+001
   68 
3  7.445000e+001
8  3.122000e+001
11  6.036000e+001
20  4.223000e+001
22  4.900000e+001
30  3.900000e+001
33  3.371000e+001
52  4.148000e+001
56  2.960000e+001
64  7.254000e+001
68  2.863000e+001
71  6.619000e+001
75  9.003000e+001
82  6.003000e+001
85  6.986000e+001
88  6.353000e+001
96  7.166000e+001
98  1.029000e+002
105  3.518000e+001
110  6.554000e+001
115  3.342000e+001
118  3.154000e+001
122  5.718000e+001
125  3.680000e+001
129  2.818000e+001
137  3.918000e+001
156  4.465000e+001
   69 
3  2.693000e+001
8  1.117000e+001
11  2.099000e+001
20  1.391000e+001
22  1.768000e+001
30  1.355000e+001
33  1.125000e+001
52  1.439000e+001
56  1.020000e+001
64  2.532000e+001
68  9.870000e+000
71  2.205000e+001
75  3.370000e+001
82  2.113000e+001
85  2.439000e+001
88  2.217000e+001
96  2.703000e+001
98  3.503000e+001
105  1.189000e+001
110  2.217000e+001
115  1.130000e+001
118  1.212000e+001
122  2.167000e+001
125  1.282000e+001
129  9.608000e+000
137  1.507000e+001
156  1.684000e+001
   70 
3  1.485000e+002
8  5.557000e+001
11  1.257000e+002
20  7.851000e+001
22  9.596000e+001
30  8.020000e+001
33  6.003000e+001
52  7.672000e+001
56  5.005000e+001
64  1.522000e+002
68  4.840000e+001
71  1.142000e+002
75  1.678000e+002
82  1.090000e+002
85  1.429000e+002
88  1.429000e+002
96  1.432000e+002
98  1.717000e+002
105  6.228000e+001
110  1.332000e+002
115  5.867000e+001
118  5.523000e+001
122  1.414000e+002
125  6.269000e+001
129  4.773000e+001
137  7.086000e+001
156  9.748000e+001
   71 
3  2.253000e+001
8  8.403000e+000
11  1.705000e+001
20  1.113000e+001
22  1.529000e+001
30  1.144000e+001
33  8.564000e+000
52  1.164000e+001
56  7.494000e+000
64  2.189000e+001
68  7.223000e+000
71  1.786000e+001
75  2.826000e+001
82  1.833000e+001
85  1.979000e+001
88  1.890000e+001
96  2.292000e+001
98  2.729000e+001
105  8.973000e+000
110  1.852000e+001
115  8.518000e+000
118  9.378000e+000
122  1.855000e+001
125  9.900000e+000
129  7.041000e+000
137  1.191000e+001
156  1.444000e+001
   72 
3  3.933000e+001
8  1.538000e+001
11  3.273000e+001
20  2.111000e+001
22  2.720000e+001
30  2.224000e+001
33  1.606000e+001
52  2.230000e+001
56  1.345000e+001
64  4.121000e+001
68  1.295000e+001
71  3.462000e+001
75  5.176000e+001
82  3.516000e+001
85  3.598000e+001
88  3.629000e+001
96  4.311000e+001
98  5.353000e+001
105  1.662000e+001
110  3.531000e+001
115  1.567000e+001
118  1.798000e+001
122  3.392000e+001
125  1.922000e+001
129  1.288000e+001
137  2.301000e+001
156  2.743000e+001
   73 
3  4.615000e+001
8  1.770000e+001
11  3.731000e+001
20  2.412000e+001
22  3.181000e+001
30  2.329000e+001
33  1.849000e+001
52  2.240000e+001
56  1.446000e+001
64  4.610000e+001
68  1.398000e+001
71  4.019000e+001
75  5.887000e+001
82  3.658000e+001
85  4.233000e+001
88  3.986000e+001
96  4.839000e+001
98  6.154000e+001
105  1.862000e+001
110  4.167000e+001
115  1.774000e+001
118  1.916000e+001
122  3.826000e+001
125  1.947000e+001
129  1.409000e+001
137  2.324000e+001
156  3.136000e+001
   74 
3  2.626000e+001
8  8.851000e+000
11  1.962000e+001
20  1.189000e+001
22  1.657000e+001
30  1.183000e+001
33  9.203000e+000
52  1.170000e+001
56  7.721000e+000
64  2.602000e+001
68  7.449000e+000
71  1.999000e+001
75  3.241000e+001
82  2.084000e+001
85  2.236000e+001
88  2.182000e+001
96  2.583000e+001
98  2.898000e+001
105  9.486000e+000
110  2.147000e+001
115  9.006000e+000
118  9.981000e+000
122  2.190000e+001
125  9.989000e+000
129  7.437000e+000
137  1.257000e+001
156  1.591000e+001
   75 
3  1.446000e+002
8  5.841000e+001
11  1.224000e+002
20  8.039000e+001
22  9.771000e+001
30  7.601000e+001
33  6.268000e+001
52  7.999000e+001
56  5.389000e+001
64  1.430000e+002
68  5.231000e+001
71  1.219000e+002
75  1.704000e+002
82  1.094000e+002
85  1.424000e+002
88  1.289000e+002
96  1.429000e+002
98  1.824000e+002
105  6.553000e+001
110  1.338000e+002
115  6.153000e+001
118  5.722000e+001
122  1.263000e+002
125  6.734000e+001
129  5.170000e+001
137  7.102000e+001
156  9.568000e+001
   76 
3  2.218000e+001
8  8.294000e+000
11  1.741000e+001
20  1.073000e+001
22  1.439000e+001
30  9.940000e+000
33  8.533000e+000
52  1.024000e+001
56  6.647000e+000
64  1.999000e+001
68  6.382000e+000
71  1.907000e+001
75  2.909000e+001
82  1.759000e+001
85  1.977000e+001
88  1.744000e+001
96  2.277000e+001
98  3.094000e+001
105  8.514000e+000
110  1.769000e+001
115  8.182000e+000
118  1.063000e+001
122  1.716000e+001
125  9.492000e+000
129  6.636000e+000
137  1.170000e+001
156  1.436000e+001
   77 
3  6.271000e+001
8  2.093000e+001
11  5.297000e+001
20  3.074000e+001
22  4.331000e+001
30  2.927000e+001
33  2.349000e+001
52  2.751000e+001
56  1.557000e+001
64  6.326000e+001
68  1.540000e+001
71  5.749000e+001
75  8.525000e+001
82  5.316000e+001
85  5.837000e+001
88  5.528000e+001
96  7.007000e+001
98  8.121000e+001
105  2.100000e+001
110  5.547000e+001
115  2.090000e+001
118  2.897000e+001
122  5.477000e+001
125  2.395000e+001
129  1.580000e+001
137  2.990000e+001
156  4.556000e+001
   78 
3  3.675000e+001
8  1.230000e+001
11  2.878000e+001
20  1.698000e+001
22  2.400000e+001
30  1.685000e+001
33  1.308000e+001
52  1.586000e+001
56  1.005000e+001
64  3.585000e+001
68  9.785000e+000
71  2.968000e+001
75  4.641000e+001
82  2.990000e+001
85  3.183000e+001
88  3.160000e+001
96  3.826000e+001
98  4.267000e+001
105  1.303000e+001
110  3.050000e+001
115  1.244000e+001
118  1.453000e+001
122  3.141000e+001
125  1.355000e+001
129  9.968000e+000
137  1.663000e+001
156  2.270000e+001
   79 
3  3.438000e+001
8  1.289000e+001
11  2.366000e+001
20  1.813000e+001
22  2.028000e+001
30  2.552000e+001
33  1.303000e+001
52  2.761000e+001
56  1.209000e+001
64  3.437000e+001
68  1.191000e+001
71  2.217000e+001
75  3.726000e+001
82  2.491000e+001
85  2.834000e+001
88  3.129000e+001
96  3.746000e+001
98  3.570000e+001
105  1.393000e+001
110  3.264000e+001
115  1.434000e+001
118  1.300000e+001
122  3.253000e+001
125  2.462000e+001
129  1.096000e+001
137  2.521000e+001
156  3.007000e+001
   80 
3  2.315000e+001
8  8.375000e+000
11  1.723000e+001
20  1.119000e+001
22  1.581000e+001
30  1.102000e+001
33  8.646000e+000
52  1.108000e+001
56  7.033000e+000
64  2.336000e+001
68  6.669000e+000
71  2.210000e+001
75  3.977000e+001
82  2.556000e+001
85  2.042000e+001
88  1.946000e+001
96  3.246000e+001
98  3.433000e+001
105  8.792000e+000
110  1.892000e+001
115  8.327000e+000
118  1.147000e+001
122  1.932000e+001
125  9.515000e+000
129  6.759000e+000
137  1.410000e+001
156  1.609000e+001
   81 
3  3.250000e+001
8  1.278000e+001
11  2.580000e+001
20  1.664000e+001
22  2.216000e+001
30  1.579000e+001
33  1.300000e+001
52  1.657000e+001
56  1.093000e+001
64  3.112000e+001
68  1.051000e+001
71  2.719000e+001
75  4.044000e+001
82  2.523000e+001
85  2.989000e+001
88  2.725000e+001
96  3.205000e+001
98  4.135000e+001
105  1.336000e+001
110  2.861000e+001
115  1.267000e+001
118  1.309000e+001
122  2.601000e+001
125  1.439000e+001
129  1.053000e+001
137  1.654000e+001
156  2.142000e+001
   82 
3  8.717000e+001
8  3.290000e+001
11  7.453000e+001
20  4.858000e+001
22  5.881000e+001
30  4.607000e+001
33  3.640000e+001
52  4.448000e+001
56  2.655000e+001
64  8.707000e+001
68  2.588000e+001
71  7.814000e+001
75  1.063000e+002
82  6.892000e+001
85  8.062000e+001
88  7.581000e+001
96  8.730000e+001
98  1.194000e+002
105  3.563000e+001
110  7.790000e+001
115  3.441000e+001
118  3.337000e+001
122  7.026000e+001
125  3.942000e+001
129  2.631000e+001
137  4.301000e+001
156  5.504000e+001
   83 
3  2.443000e+001
8  7.630000e+000
11  1.754000e+001
20  1.034000e+001
22  1.523000e+001
30  9.728000e+000
33  8.020000e+000
52  9.636000e+000
56  6.003000e+000
64  2.527000e+001
68  5.808000e+000
71  2.300000e+001
75  3.980000e+001
82  2.470000e+001
85  2.031000e+001
88  1.908000e+001
96  3.328000e+001
98  3.453000e+001
105  7.848000e+000
110  1.929000e+001
115  7.501000e+000
118  1.043000e+001
122  1.892000e+001
125  8.445000e+000
129  5.959000e+000
137  1.244000e+001
156  1.934000e+001
   84 
3  4.213000e+001
8  2.673000e+001
11  2.469000e+001
20  2.962000e+001
22  2.983000e+001
30  3.263000e+001
33  2.505000e+001
52  3.328000e+001
56  2.264000e+001
64  4.299000e+001
68  2.413000e+001
71  3.018000e+001
75  5.026000e+001
82  3.649000e+001
85  3.451000e+001
88  3.984000e+001
96  4.648000e+001
98  5.000000e+001
105  2.432000e+001
110  3.880000e+001
115  2.495000e+001
118  1.920000e+001
122  3.662000e+001
125  3.191000e+001
129  2.133000e+001
137  3.228000e+001
156  3.484000e+001
   85 
3  2.990000e+001
8  9.748000e+000
11  2.362000e+001
20  1.371000e+001
22  1.966000e+001
30  1.546000e+001
33  1.053000e+001
52  1.452000e+001
56  8.112000e+000
64  3.326000e+001
68  7.814000e+000
71  2.894000e+001
75  4.732000e+001
82  3.036000e+001
85  2.641000e+001
88  2.867000e+001
96  4.063000e+001
98  4.039000e+001
105  1.052000e+001
110  2.653000e+001
115  9.965000e+000
118  1.379000e+001
122  2.721000e+001
125  1.228000e+001
129  7.984000e+000
137  1.707000e+001
156  3.092000e+001
   86 
3  2.179000e+001
8  8.258000e+000
11  1.669000e+001
20  1.087000e+001
22  1.426000e+001
30  1.015000e+001
33  8.625000e+000
52  1.025000e+001
56  6.819000e+000
64  1.964000e+001
68  6.598000e+000
71  1.780000e+001
75  2.810000e+001
82  1.687000e+001
85  1.912000e+001
88  1.717000e+001
96  2.073000e+001
98  2.901000e+001
105  8.675000e+000
110  1.711000e+001
115  8.260000e+000
118  9.761000e+000
122  1.660000e+001
125  9.435000e+000
129  6.719000e+000
137  1.204000e+001
156  1.417000e+001
   87 
3  2.188000e+001
8  9.001000e+000
11  1.696000e+001
20  1.163000e+001
22  1.449000e+001
30  1.086000e+001
33  9.037000e+000
52  1.179000e+001
56  8.087000e+000
64  1.996000e+001
68  7.878000e+000
71  1.807000e+001
75  2.752000e+001
82  1.690000e+001
85  1.987000e+001
88  1.715000e+001
96  2.052000e+001
98  2.769000e+001
105  9.417000e+000
110  1.770000e+001
115  9.075000e+000
118  9.525000e+000
122  1.662000e+001
125  1.029000e+001
129  7.894000e+000
137  1.125000e+001
156  1.335000e+001
   88 
3  3.981000e+001
8  1.492000e+001
11  3.208000e+001
20  2.034000e+001
22  2.742000e+001
30  1.879000e+001
33  1.564000e+001
52  1.784000e+001
56  1.126000e+001
64  3.896000e+001
68  1.121000e+001
71  3.569000e+001
75  5.142000e+001
82  3.119000e+001
85  3.642000e+001
88  3.289000e+001
96  4.108000e+001
98  5.362000e+001
105  1.497000e+001
110  3.519000e+001
115  1.448000e+001
118  1.684000e+001
122  3.157000e+001
125  1.622000e+001
129  1.151000e+001
137  1.905000e+001
156  2.763000e+001
   89 
3  2.904000e+001
8  8.080000e+000
11  2.319000e+001
20  1.185000e+001
22  1.653000e+001
30  1.413000e+001
33  8.937000e+000
52  1.317000e+001
56  6.726000e+000
64  3.171000e+001
68  6.602000e+000
71  2.063000e+001
75  3.544000e+001
82  2.228000e+001
85  2.355000e+001
88  2.754000e+001
96  2.929000e+001
98  3.103000e+001
105  8.887000e+000
110  2.391000e+001
115  8.391000e+000
118  1.133000e+001
122  2.837000e+001
125  1.290000e+001
129  6.649000e+000
137  1.448000e+001
156  3.013000e+001
   90 
3  1.372000e+002
8  4.277000e+001
11  1.185000e+002
20  6.323000e+001
22  8.212000e+001
30  6.959000e+001
33  4.803000e+001
52  8.008000e+001
56  3.840000e+001
64  1.412000e+002
68  3.871000e+001
71  1.170000e+002
75  1.620000e+002
82  9.941000e+001
85  1.311000e+002
88  1.271000e+002
96  1.396000e+002
98  1.787000e+002
105  4.786000e+001
110  1.249000e+002
115  4.965000e+001
118  4.740000e+001
122  1.230000e+002
125  7.054000e+001
129  3.842000e+001
137  7.278000e+001
156  9.226000e+001
   91 
3  7.091000e+001
8  1.481000e+001
11  6.261000e+001
20  1.953000e+001
22  3.788000e+001
30  3.276000e+001
33  1.570000e+001
52  4.165000e+001
56  1.051000e+001
64  7.587000e+001
68  1.359000e+001
71  5.609000e+001
75  8.257000e+001
82  5.037000e+001
85  6.745000e+001
88  6.800000e+001
96  7.510000e+001
98  8.369000e+001
105  1.302000e+001
110  6.277000e+001
115  1.800000e+001
118  2.448000e+001
122  6.907000e+001
125  3.675000e+001
129  1.329000e+001
137  3.865000e+001
156  5.307000e+001
   92 
3  1.324000e+002
8  5.133000e+001
11  1.116000e+002
20  7.377000e+001
22  9.027000e+001
30  6.849000e+001
33  5.661000e+001
52  6.739000e+001
56  4.322000e+001
64  1.316000e+002
68  4.198000e+001
71  1.160000e+002
75  1.602000e+002
82  1.006000e+002
85  1.279000e+002
88  1.150000e+002
96  1.287000e+002
98  1.735000e+002
105  5.631000e+001
110  1.236000e+002
115  5.371000e+001
118  4.892000e+001
122  1.117000e+002
125  5.983000e+001
129  4.243000e+001
137  6.284000e+001
156  8.616000e+001
   93 
3  3.244000e+001
8  1.329000e+001
11  2.565000e+001
20  1.625000e+001
22  2.095000e+001
30  1.606000e+001
33  1.365000e+001
52  1.673000e+001
56  1.163000e+001
64  3.126000e+001
68  1.122000e+001
71  2.613000e+001
75  3.922000e+001
82  2.431000e+001
85  2.956000e+001
88  2.839000e+001
96  3.225000e+001
98  4.244000e+001
105  1.395000e+001
110  2.690000e+001
115  1.399000e+001
118  1.428000e+001
122  2.693000e+001
125  1.617000e+001
129  1.125000e+001
137  1.789000e+001
156  1.950000e+001
   94 
3  9.191000e+001
8  3.723000e+001
11  7.237000e+001
20  5.394000e+001
22  5.836000e+001
30  6.344000e+001
33  4.014000e+001
52  6.597000e+001
56  3.518000e+001
64  9.818000e+001
68  3.423000e+001
71  6.311000e+001
75  1.050000e+002
82  6.168000e+001
85  8.598000e+001
88  9.086000e+001
96  9.217000e+001
98  1.149000e+002
105  4.272000e+001
110  8.615000e+001
115  4.336000e+001
118  3.655000e+001
122  8.558000e+001
125  6.226000e+001
129  3.291000e+001
137  6.469000e+001
156  6.606000e+001
   95 
3  2.221000e+001
8  8.957000e+000
11  1.628000e+001
20  1.131000e+001
22  1.494000e+001
30  1.073000e+001
33  8.907000e+000
52  1.144000e+001
56  7.932000e+000
64  2.009000e+001
68  7.721000e+000
71  1.822000e+001
75  2.789000e+001
82  1.699000e+001
85  1.959000e+001
88  1.785000e+001
96  2.148000e+001
98  2.739000e+001
105  9.315000e+000
110  1.790000e+001
115  8.838000e+000
118  9.387000e+000
122  1.721000e+001
125  9.876000e+000
129  7.412000e+000
137  1.198000e+001
156  1.418000e+001
   96 
3  3.546000e+001
8  1.337000e+001
11  2.801000e+001
20  1.741000e+001
22  2.374000e+001
30  1.744000e+001
33  1.363000e+001
52  1.744000e+001
56  1.182000e+001
64  3.505000e+001
68  1.143000e+001
71  2.808000e+001
75  4.370000e+001
82  2.835000e+001
85  3.223000e+001
88  3.100000e+001
96  3.583000e+001
98  4.129000e+001
105  1.425000e+001
110  3.031000e+001
115  1.345000e+001
118  1.403000e+001
122  3.042000e+001
125  1.458000e+001
129  1.125000e+001
137  1.702000e+001
156  2.232000e+001
   97 
3  2.619000e+001
8  7.913000e+000
11  2.072000e+001
20  1.120000e+001
22  1.588000e+001
30  1.273000e+001
33  8.581000e+000
52  1.200000e+001
56  6.665000e+000
64  2.877000e+001
68  6.476000e+000
71  2.175000e+001
75  3.466000e+001
82  2.319000e+001
85  2.198000e+001
88  2.444000e+001
96  2.802000e+001
98  2.985000e+001
105  8.620000e+000
110  2.154000e+001
115  8.180000e+000
118  1.083000e+001
122  2.406000e+001
125  1.055000e+001
129  6.575000e+000
137  1.331000e+001
156  2.424000e+001
   98 
3  2.644000e+001
8  1.291000e+001
11  1.805000e+001
20  1.599000e+001
22  1.634000e+001
30  1.961000e+001
33  1.190000e+001
52  2.054000e+001
56  9.199000e+000
64  2.888000e+001
68  1.167000e+001
71  1.631000e+001
75  2.995000e+001
82  2.182000e+001
85  2.188000e+001
88  2.433000e+001
96  3.285000e+001
98  2.859000e+001
105  1.117000e+001
110  2.465000e+001
115  1.302000e+001
118  9.799000e+000
122  2.485000e+001
125  1.892000e+001
129  8.133000e+000
137  1.933000e+001
156  2.739000e+001
   99 
3  5.695000e+001
8  2.032000e+001
11  4.418000e+001
20  3.020000e+001
22  3.704000e+001
30  3.975000e+001
33  2.228000e+001
52  4.082000e+001
56  1.803000e+001
64  6.201000e+001
68  1.738000e+001
71  4.520000e+001
75  6.947000e+001
82  5.448000e+001
85  5.178000e+001
88  5.730000e+001
96  6.090000e+001
98  7.023000e+001
105  2.296000e+001
110  5.322000e+001
115  2.255000e+001
118  2.497000e+001
122  5.397000e+001
125  3.916000e+001
129  1.737000e+001
137  4.115000e+001
156  6.258000e+001
   100 
3  3.178000e+001
8  1.346000e+001
11  2.581000e+001
20  1.744000e+001
22  2.115000e+001
30  1.893000e+001
33  1.397000e+001
52  1.961000e+001
56  1.276000e+001
64  3.197000e+001
68  1.241000e+001
71  2.409000e+001
75  3.779000e+001
82  2.472000e+001
85  2.902000e+001
88  2.887000e+001
96  3.168000e+001
98  3.853000e+001
105  1.466000e+001
110  2.795000e+001
115  1.407000e+001
118  1.375000e+001
122  2.761000e+001
125  1.743000e+001
129  1.159000e+001
137  1.951000e+001
156  2.209000e+001
