   1 
53  2.354000e+001
56  2.002000e+001
64  3.478000e+001
68  1.375000e+001
72  6.290000e+001
79  2.165000e+001
83  4.734000e+001
88  3.760000e+001
98  6.268000e+001
106  3.776000e+001
110  3.992000e+001
115  1.780000e+001
120  3.699000e+001
126  1.595000e+001
130  2.300000e+001
132  8.039000e+001
134  3.874000e+001
140  1.726000e+001
144  4.597000e+001
146  3.566000e+001
152  1.598000e+001
156  3.097000e+001
   2 
53  2.363000e+001
56  2.007000e+001
64  3.334000e+001
68  1.272000e+001
72  6.383000e+001
79  2.150000e+001
83  4.672000e+001
88  3.790000e+001
98  6.314000e+001
106  3.759000e+001
110  4.022000e+001
115  1.744000e+001
120  3.624000e+001
126  1.472000e+001
130  2.213000e+001
132  8.190000e+001
134  3.862000e+001
140  1.731000e+001
144  4.617000e+001
146  3.412000e+001
152  1.591000e+001
156  3.008000e+001
   3 
53  1.684000e+001
56  1.442000e+001
64  2.360000e+001
68  9.006000e+000
72  4.446000e+001
79  1.538000e+001
83  3.329000e+001
88  2.630000e+001
98  4.577000e+001
106  2.742000e+001
110  2.739000e+001
115  1.256000e+001
120  2.557000e+001
126  1.075000e+001
130  1.584000e+001
132  5.341000e+001
134  2.788000e+001
140  1.234000e+001
144  3.230000e+001
146  2.469000e+001
152  1.131000e+001
156  2.113000e+001
   4 
53  2.067000e+001
56  1.771000e+001
64  3.070000e+001
68  9.672000e+000
72  6.291000e+001
79  1.719000e+001
83  4.544000e+001
88  3.464000e+001
98  6.381000e+001
106  3.816000e+001
110  3.572000e+001
115  1.376000e+001
120  3.507000e+001
126  1.033000e+001
130  2.024000e+001
132  8.592000e+001
134  3.865000e+001
140  1.510000e+001
144  4.500000e+001
146  3.283000e+001
152  1.383000e+001
156  2.852000e+001
   5 
53  3.154000e+001
56  2.519000e+001
64  5.593000e+001
68  1.337000e+001
72  1.022000e+002
79  2.425000e+001
83  7.500000e+001
88  5.823000e+001
98  1.040000e+002
106  6.334000e+001
110  5.889000e+001
115  1.844000e+001
120  6.014000e+001
126  1.508000e+001
130  3.105000e+001
132  1.460000e+002
134  6.494000e+001
140  2.187000e+001
144  7.576000e+001
146  5.590000e+001
152  1.848000e+001
156  4.795000e+001
   6 
53  1.550000e+001
56  1.317000e+001
64  2.192000e+001
68  7.432000e+000
72  4.421000e+001
79  1.336000e+001
83  3.202000e+001
88  2.494000e+001
98  4.506000e+001
106  2.674000e+001
110  2.609000e+001
115  1.062000e+001
120  2.502000e+001
126  8.281000e+000
130  1.456000e+001
132  5.481000e+001
134  2.769000e+001
140  1.128000e+001
144  3.167000e+001
146  2.352000e+001
152  1.038000e+001
156  2.037000e+001
   7 
53  1.711000e+001
56  1.444000e+001
64  2.542000e+001
68  7.847000e+000
72  5.193000e+001
79  1.452000e+001
83  3.688000e+001
88  2.881000e+001
98  5.007000e+001
106  3.039000e+001
110  3.064000e+001
115  1.155000e+001
120  2.929000e+001
126  8.790000e+000
130  1.692000e+001
132  6.352000e+001
134  3.112000e+001
140  1.234000e+001
144  3.707000e+001
146  2.620000e+001
152  1.131000e+001
156  2.428000e+001
   8 
53  1.606000e+001
56  1.362000e+001
64  2.612000e+001
68  7.385000e+000
72  5.101000e+001
79  1.352000e+001
83  3.641000e+001
88  2.851000e+001
98  4.727000e+001
106  2.954000e+001
110  2.975000e+001
115  1.084000e+001
120  2.960000e+001
126  8.313000e+000
130  1.670000e+001
132  5.996000e+001
134  2.984000e+001
140  1.163000e+001
144  3.702000e+001
146  2.703000e+001
152  1.059000e+001
156  2.491000e+001
   9 
53  2.563000e+001
56  2.151000e+001
64  3.878000e+001
68  1.205000e+001
72  7.200000e+001
79  2.274000e+001
83  5.221000e+001
88  4.305000e+001
98  6.830000e+001
106  4.246000e+001
110  4.338000e+001
115  1.786000e+001
120  4.282000e+001
126  1.458000e+001
130  2.364000e+001
132  9.066000e+001
134  4.251000e+001
140  1.843000e+001
144  5.186000e+001
146  3.671000e+001
152  1.686000e+001
156  3.280000e+001
   10 
53  1.359000e+001
56  1.138000e+001
64  2.122000e+001
68  6.406000e+000
72  4.110000e+001
79  1.193000e+001
83  2.959000e+001
88  2.300000e+001
98  3.964000e+001
106  2.425000e+001
110  2.491000e+001
115  9.359000e+000
120  2.394000e+001
126  7.924000e+000
130  1.411000e+001
132  4.901000e+001
134  2.491000e+001
140  9.754000e+000
144  2.968000e+001
146  2.215000e+001
152  8.908000e+000
156  1.998000e+001
   11 
53  3.779000e+001
56  3.206000e+001
64  5.680000e+001
68  1.832000e+001
72  1.076000e+002
79  3.310000e+001
83  7.871000e+001
88  6.321000e+001
98  1.044000e+002
106  6.496000e+001
110  6.412000e+001
115  2.620000e+001
120  6.081000e+001
126  2.086000e+001
130  3.737000e+001
132  1.435000e+002
134  6.475000e+001
140  2.665000e+001
144  7.686000e+001
146  5.667000e+001
152  2.522000e+001
156  5.113000e+001
   12 
53  3.473000e+001
56  2.931000e+001
64  5.414000e+001
68  2.017000e+001
72  9.362000e+001
79  3.167000e+001
83  7.080000e+001
88  5.766000e+001
98  8.837000e+001
106  5.426000e+001
110  6.091000e+001
115  2.586000e+001
120  5.357000e+001
126  2.335000e+001
130  3.334000e+001
132  1.173000e+002
134  5.569000e+001
140  2.550000e+001
144  6.860000e+001
146  5.191000e+001
152  2.377000e+001
156  4.661000e+001
   13 
53  2.022000e+001
56  1.712000e+001
64  2.806000e+001
68  9.452000e+000
72  5.563000e+001
79  1.780000e+001
83  4.077000e+001
88  3.217000e+001
98  5.757000e+001
106  3.401000e+001
110  3.346000e+001
115  1.421000e+001
120  3.178000e+001
126  1.129000e+001
130  1.848000e+001
132  7.523000e+001
134  3.506000e+001
140  1.464000e+001
144  4.012000e+001
146  2.971000e+001
152  1.348000e+001
156  2.573000e+001
   14 
53  4.437000e+001
56  3.725000e+001
64  6.057000e+001
68  2.370000e+001
72  1.113000e+002
79  4.057000e+001
83  8.420000e+001
88  6.763000e+001
98  1.166000e+002
106  6.978000e+001
110  6.865000e+001
115  3.221000e+001
120  6.338000e+001
126  2.820000e+001
130  3.853000e+001
132  1.529000e+002
134  7.104000e+001
140  3.191000e+001
144  8.024000e+001
146  6.124000e+001
152  2.938000e+001
156  5.105000e+001
   15 
53  3.184000e+001
56  2.706000e+001
64  4.356000e+001
68  1.827000e+001
72  8.050000e+001
79  2.907000e+001
83  6.118000e+001
88  4.930000e+001
98  8.276000e+001
106  4.962000e+001
110  5.116000e+001
115  2.380000e+001
120  4.479000e+001
126  2.074000e+001
130  2.879000e+001
132  1.084000e+002
134  5.090000e+001
140  2.355000e+001
144  5.807000e+001
146  4.442000e+001
152  2.175000e+001
156  3.692000e+001
   16 
53  2.332000e+001
56  1.961000e+001
64  3.239000e+001
68  1.260000e+001
72  5.924000e+001
79  2.137000e+001
83  4.468000e+001
88  3.591000e+001
98  6.177000e+001
106  3.674000e+001
110  3.701000e+001
115  1.724000e+001
120  3.462000e+001
126  1.520000e+001
130  2.088000e+001
132  7.369000e+001
134  3.795000e+001
140  1.690000e+001
144  4.327000e+001
146  3.274000e+001
152  1.553000e+001
156  2.815000e+001
   17 
53  3.014000e+001
56  2.562000e+001
64  4.272000e+001
68  1.321000e+001
72  8.597000e+001
79  2.627000e+001
83  6.281000e+001
88  4.932000e+001
98  8.801000e+001
106  5.213000e+001
110  4.998000e+001
115  2.070000e+001
120  4.718000e+001
126  1.622000e+001
130  2.827000e+001
132  1.197000e+002
134  5.281000e+001
140  2.180000e+001
144  6.109000e+001
146  4.549000e+001
152  2.032000e+001
156  3.924000e+001
   18 
53  3.544000e+001
56  2.289000e+001
64  3.697000e+001
68  1.703000e+001
72  3.980000e+001
79  2.968000e+001
83  3.423000e+001
88  3.617000e+001
98  4.166000e+001
106  2.588000e+001
110  3.883000e+001
115  2.108000e+001
120  3.222000e+001
126  2.265000e+001
130  1.528000e+001
132  4.904000e+001
134  4.381000e+001
140  2.085000e+001
144  3.499000e+001
146  3.305000e+001
152  2.057000e+001
156  2.435000e+001
   19 
53  2.677000e+001
56  2.274000e+001
64  3.651000e+001
68  1.257000e+001
72  7.357000e+001
79  2.284000e+001
83  5.417000e+001
88  4.248000e+001
98  7.693000e+001
106  4.568000e+001
110  4.343000e+001
115  1.798000e+001
120  4.048000e+001
126  1.381000e+001
130  2.338000e+001
132  1.046000e+002
134  4.656000e+001
140  1.932000e+001
144  5.266000e+001
146  3.835000e+001
152  1.772000e+001
156  3.266000e+001
   20 
53  3.393000e+001
56  2.905000e+001
64  4.902000e+001
68  1.652000e+001
72  9.670000e+001
79  2.961000e+001
83  7.123000e+001
88  5.499000e+001
98  9.856000e+001
106  5.919000e+001
110  5.676000e+001
115  2.350000e+001
120  5.452000e+001
126  1.838000e+001
130  3.209000e+001
132  1.350000e+002
134  6.038000e+001
140  2.428000e+001
144  6.947000e+001
146  5.169000e+001
152  2.226000e+001
156  4.467000e+001
   21 
53  1.605000e+001
56  1.363000e+001
64  2.468000e+001
68  7.399000e+000
72  4.777000e+001
79  1.330000e+001
83  3.512000e+001
88  2.728000e+001
98  4.838000e+001
106  2.955000e+001
110  2.733000e+001
115  1.045000e+001
120  2.783000e+001
126  8.212000e+000
130  1.558000e+001
132  6.091000e+001
134  2.977000e+001
140  1.183000e+001
144  3.482000e+001
146  2.514000e+001
152  1.067000e+001
156  2.268000e+001
   22 
53  2.637000e+001
56  2.105000e+001
64  4.404000e+001
68  1.411000e+001
72  6.395000e+001
79  2.388000e+001
83  4.910000e+001
88  4.258000e+001
98  6.142000e+001
106  3.661000e+001
110  4.218000e+001
115  1.911000e+001
120  4.192000e+001
126  1.700000e+001
130  2.136000e+001
132  7.382000e+001
134  4.153000e+001
140  1.827000e+001
144  4.866000e+001
146  3.482000e+001
152  1.695000e+001
156  3.483000e+001
   23 
53  2.061000e+001
56  1.745000e+001
64  2.832000e+001
68  1.008000e+001
72  5.503000e+001
79  1.866000e+001
83  4.061000e+001
88  3.235000e+001
98  5.684000e+001
106  3.347000e+001
110  3.369000e+001
115  1.495000e+001
120  3.153000e+001
126  1.264000e+001
130  1.888000e+001
132  7.117000e+001
134  3.460000e+001
140  1.492000e+001
144  3.961000e+001
146  2.972000e+001
152  1.380000e+001
156  2.568000e+001
   24 
53  1.497000e+001
56  1.277000e+001
64  2.133000e+001
68  7.304000e+000
72  4.090000e+001
79  1.356000e+001
83  3.032000e+001
88  2.373000e+001
98  4.187000e+001
106  2.515000e+001
110  2.479000e+001
115  1.091000e+001
120  2.361000e+001
126  9.176000e+000
130  1.427000e+001
132  4.686000e+001
134  2.556000e+001
140  1.078000e+001
144  2.971000e+001
146  2.252000e+001
152  9.970000e+000
156  1.948000e+001
   25 
53  2.048000e+001
56  1.750000e+001
64  2.756000e+001
68  1.137000e+001
72  5.100000e+001
79  1.867000e+001
83  3.853000e+001
88  3.127000e+001
98  5.274000e+001
106  3.178000e+001
110  3.134000e+001
115  1.524000e+001
120  2.873000e+001
126  1.315000e+001
130  1.776000e+001
132  6.255000e+001
134  3.286000e+001
140  1.517000e+001
144  3.689000e+001
146  2.833000e+001
152  1.407000e+001
156  2.369000e+001
   26 
53  1.907000e+001
56  1.621000e+001
64  2.677000e+001
68  9.052000e+000
72  5.287000e+001
79  1.654000e+001
83  3.885000e+001
88  3.057000e+001
98  5.370000e+001
106  3.230000e+001
110  3.098000e+001
115  1.317000e+001
120  2.979000e+001
126  1.022000e+001
130  1.722000e+001
132  6.665000e+001
134  3.295000e+001
140  1.394000e+001
144  3.838000e+001
146  2.740000e+001
152  1.277000e+001
156  2.461000e+001
   27 
53  1.540000e+001
56  1.313000e+001
64  2.265000e+001
68  8.415000e+000
72  4.253000e+001
79  1.394000e+001
83  3.116000e+001
88  2.512000e+001
98  4.122000e+001
106  2.501000e+001
110  2.665000e+001
115  1.144000e+001
120  2.438000e+001
126  9.788000e+000
130  1.500000e+001
132  4.899000e+001
134  2.551000e+001
140  1.132000e+001
144  3.080000e+001
146  2.331000e+001
152  1.045000e+001
156  2.050000e+001
   28 
53  2.354000e+001
56  2.002000e+001
64  3.347000e+001
68  1.220000e+001
72  6.277000e+001
79  2.146000e+001
83  4.698000e+001
88  3.715000e+001
98  6.440000e+001
106  3.852000e+001
110  3.885000e+001
115  1.726000e+001
120  3.655000e+001
126  1.489000e+001
130  2.222000e+001
132  8.255000e+001
134  3.902000e+001
140  1.704000e+001
144  4.581000e+001
146  3.448000e+001
152  1.572000e+001
156  3.014000e+001
   29 
53  4.416000e+001
56  3.686000e+001
64  6.495000e+001
68  1.923000e+001
72  1.221000e+002
79  3.985000e+001
83  9.194000e+001
88  7.076000e+001
98  1.246000e+002
106  7.611000e+001
110  7.340000e+001
115  3.116000e+001
120  7.031000e+001
126  2.627000e+001
130  4.294000e+001
132  1.671000e+002
134  7.648000e+001
140  3.064000e+001
144  8.857000e+001
146  6.667000e+001
152  2.882000e+001
156  5.787000e+001
   30 
53  1.457000e+001
56  1.234000e+001
64  2.010000e+001
68  6.938000e+000
72  3.968000e+001
79  1.271000e+001
83  2.902000e+001
88  2.304000e+001
98  4.099000e+001
106  2.425000e+001
110  2.377000e+001
115  1.018000e+001
120  2.261000e+001
126  7.978000e+000
130  1.306000e+001
132  4.874000e+001
134  2.510000e+001
140  1.050000e+001
144  2.847000e+001
146  2.135000e+001
152  9.776000e+000
156  1.834000e+001
   31 
53  1.636000e+001
56  1.391000e+001
64  2.388000e+001
68  7.909000e+000
72  4.870000e+001
79  1.426000e+001
83  3.466000e+001
88  2.716000e+001
98  4.720000e+001
106  2.859000e+001
110  2.849000e+001
115  1.126000e+001
120  2.760000e+001
126  8.854000e+000
130  1.616000e+001
132  5.953000e+001
134  2.940000e+001
140  1.201000e+001
144  3.477000e+001
146  2.553000e+001
152  1.099000e+001
156  2.264000e+001
   32 
53  2.261000e+001
56  1.916000e+001
64  3.219000e+001
68  1.061000e+001
72  6.683000e+001
79  1.922000e+001
83  4.790000e+001
88  3.728000e+001
98  6.693000e+001
106  3.990000e+001
110  3.913000e+001
115  1.533000e+001
120  3.753000e+001
126  1.183000e+001
130  2.188000e+001
132  9.324000e+001
134  4.103000e+001
140  1.656000e+001
144  4.731000e+001
146  3.465000e+001
152  1.496000e+001
156  3.003000e+001
   33 
53  1.579000e+001
56  1.330000e+001
64  2.493000e+001
68  6.935000e+000
72  4.786000e+001
79  1.244000e+001
83  3.499000e+001
88  2.718000e+001
98  4.803000e+001
106  2.916000e+001
110  2.789000e+001
115  1.034000e+001
120  2.805000e+001
126  7.727000e+000
130  1.567000e+001
132  6.046000e+001
134  2.945000e+001
140  1.120000e+001
144  3.513000e+001
146  2.545000e+001
152  1.020000e+001
156  2.321000e+001
   34 
53  3.580000e+001
56  3.043000e+001
64  4.869000e+001
68  1.830000e+001
72  9.439000e+001
79  3.224000e+001
83  7.067000e+001
88  5.640000e+001
98  9.860000e+001
106  5.846000e+001
110  5.677000e+001
115  2.614000e+001
120  5.230000e+001
126  2.159000e+001
130  3.216000e+001
132  1.312000e+002
134  5.934000e+001
140  2.614000e+001
144  6.762000e+001
146  5.076000e+001
152  2.424000e+001
156  4.308000e+001
   35 
53  4.036000e+001
56  2.516000e+001
64  5.654000e+001
68  1.615000e+001
72  6.872000e+001
79  3.447000e+001
83  5.396000e+001
88  5.323000e+001
98  6.768000e+001
106  3.879000e+001
110  5.693000e+001
115  2.454000e+001
120  4.994000e+001
126  2.424000e+001
130  2.186000e+001
132  8.071000e+001
134  6.332000e+001
140  2.188000e+001
144  5.773000e+001
146  4.594000e+001
152  2.229000e+001
156  3.909000e+001
   36 
53  1.855000e+001
56  1.273000e+001
64  3.465000e+001
68  7.205000e+000
72  4.627000e+001
79  1.517000e+001
83  3.432000e+001
88  3.092000e+001
98  4.137000e+001
106  2.495000e+001
110  3.280000e+001
115  1.112000e+001
120  3.350000e+001
126  9.646000e+000
130  1.383000e+001
132  5.365000e+001
134  3.522000e+001
140  1.117000e+001
144  3.741000e+001
146  2.680000e+001
152  1.052000e+001
156  2.606000e+001
   37 
53  7.172000e+001
56  6.256000e+001
64  1.089000e+002
68  2.840000e+001
72  2.178000e+002
79  6.126000e+001
83  1.610000e+002
88  1.212000e+002
98  2.197000e+002
106  1.313000e+002
110  1.270000e+002
115  5.335000e+001
120  1.204000e+002
126  3.951000e+001
130  7.285000e+001
132  2.848000e+002
134  1.326000e+002
140  5.417000e+001
144  1.560000e+002
146  1.158000e+002
152  4.572000e+001
156  9.956000e+001
   38 
53  1.704000e+001
56  1.450000e+001
64  2.341000e+001
68  8.203000e+000
72  4.733000e+001
79  1.487000e+001
83  3.439000e+001
88  2.688000e+001
98  4.886000e+001
106  2.891000e+001
110  2.760000e+001
115  1.181000e+001
120  2.659000e+001
126  9.392000e+000
130  1.519000e+001
132  6.093000e+001
134  2.992000e+001
140  1.250000e+001
144  3.388000e+001
146  2.474000e+001
152  1.137000e+001
156  2.137000e+001
   39 
53  2.068000e+001
56  1.737000e+001
64  3.176000e+001
68  1.013000e+001
72  5.744000e+001
79  1.850000e+001
83  4.178000e+001
88  3.474000e+001
98  5.318000e+001
106  3.280000e+001
110  3.402000e+001
115  1.478000e+001
120  3.333000e+001
126  1.231000e+001
130  1.843000e+001
132  6.467000e+001
134  3.353000e+001
140  1.490000e+001
144  4.133000e+001
146  2.865000e+001
152  1.383000e+001
156  2.830000e+001
   40 
53  2.871000e+001
56  2.434000e+001
64  4.871000e+001
68  1.273000e+001
72  9.317000e+001
79  2.419000e+001
83  6.752000e+001
88  5.305000e+001
98  8.620000e+001
106  5.415000e+001
110  5.359000e+001
115  1.906000e+001
120  5.233000e+001
126  1.485000e+001
130  3.090000e+001
132  1.220000e+002
134  5.404000e+001
140  2.076000e+001
144  6.683000e+001
146  4.821000e+001
152  1.853000e+001
156  4.533000e+001
   41 
53  2.411000e+001
56  2.013000e+001
64  4.732000e+001
68  9.574000e+000
72  9.141000e+001
79  1.837000e+001
83  6.460000e+001
88  5.005000e+001
98  8.352000e+001
106  5.274000e+001
110  5.134000e+001
115  1.327000e+001
120  5.152000e+001
126  1.015000e+001
130  2.966000e+001
132  1.227000e+002
134  5.255000e+001
140  1.656000e+001
144  6.596000e+001
146  4.792000e+001
152  1.397000e+001
156  4.434000e+001
   42 
53  1.863000e+001
56  1.562000e+001
64  2.868000e+001
68  8.683000e+000
72  5.392000e+001
79  1.471000e+001
83  3.959000e+001
88  3.256000e+001
98  5.255000e+001
106  3.300000e+001
110  3.212000e+001
115  1.203000e+001
120  3.156000e+001
126  9.157000e+000
130  1.792000e+001
132  6.857000e+001
134  3.261000e+001
140  1.343000e+001
144  3.945000e+001
146  2.793000e+001
152  1.224000e+001
156  2.559000e+001
   43 
53  2.979000e+001
56  2.502000e+001
64  4.362000e+001
68  1.655000e+001
72  7.833000e+001
79  2.704000e+001
83  5.910000e+001
88  4.812000e+001
98  7.729000e+001
106  4.739000e+001
110  5.005000e+001
115  2.196000e+001
120  4.504000e+001
126  1.927000e+001
130  2.863000e+001
132  1.027000e+002
134  4.822000e+001
140  2.177000e+001
144  5.678000e+001
146  4.283000e+001
152  2.013000e+001
156  3.728000e+001
   44 
53  5.485000e+001
56  4.605000e+001
64  7.198000e+001
68  2.708000e+001
72  1.386000e+002
79  4.997000e+001
83  1.044000e+002
88  8.516000e+001
98  1.474000e+002
106  8.733000e+001
110  8.453000e+001
115  4.105000e+001
120  7.701000e+001
126  3.355000e+001
130  4.744000e+001
132  1.936000e+002
134  8.900000e+001
140  4.125000e+001
144  9.985000e+001
146  7.420000e+001
152  3.718000e+001
156  6.131000e+001
   45 
53  2.131000e+001
56  1.807000e+001
64  3.225000e+001
68  9.314000e+000
72  6.585000e+001
79  1.769000e+001
83  4.780000e+001
88  3.623000e+001
98  6.619000e+001
106  3.993000e+001
110  3.749000e+001
115  1.390000e+001
120  3.617000e+001
126  1.042000e+001
130  2.129000e+001
132  8.923000e+001
134  4.028000e+001
140  1.549000e+001
144  4.717000e+001
146  3.444000e+001
152  1.393000e+001
156  2.979000e+001
   46 
53  1.532000e+001
56  1.286000e+001
64  2.609000e+001
68  7.227000e+000
72  4.869000e+001
79  1.329000e+001
83  3.509000e+001
88  2.740000e+001
98  4.489000e+001
106  2.815000e+001
110  2.983000e+001
115  1.053000e+001
120  2.885000e+001
126  8.773000e+000
130  1.666000e+001
132  6.046000e+001
134  2.835000e+001
140  1.097000e+001
144  3.578000e+001
146  2.621000e+001
152  9.973000e+000
156  2.460000e+001
   47 
53  1.500000e+001
56  1.263000e+001
64  2.207000e+001
68  7.379000e+000
72  4.237000e+001
79  1.355000e+001
83  3.089000e+001
88  2.442000e+001
98  4.195000e+001
106  2.520000e+001
110  2.613000e+001
115  1.077000e+001
120  2.457000e+001
126  9.344000e+000
130  1.486000e+001
132  4.849000e+001
134  2.609000e+001
140  1.077000e+001
144  3.050000e+001
146  2.318000e+001
152  1.000000e+001
156  2.042000e+001
   48 
53  1.599000e+001
56  1.345000e+001
64  2.359000e+001
68  8.334000e+000
72  4.413000e+001
79  1.457000e+001
83  3.220000e+001
88  2.591000e+001
98  4.332000e+001
106  2.602000e+001
110  2.772000e+001
115  1.167000e+001
120  2.562000e+001
126  1.023000e+001
130  1.561000e+001
132  5.142000e+001
134  2.689000e+001
140  1.151000e+001
144  3.196000e+001
146  2.427000e+001
152  1.065000e+001
156  2.138000e+001
   49 
53  2.740000e+001
56  2.325000e+001
64  3.768000e+001
68  1.367000e+001
72  7.241000e+001
79  2.460000e+001
83  5.377000e+001
88  4.317000e+001
98  7.325000e+001
106  4.420000e+001
110  4.464000e+001
115  1.983000e+001
120  4.184000e+001
126  1.677000e+001
130  2.510000e+001
132  9.482000e+001
134  4.471000e+001
140  1.981000e+001
144  5.180000e+001
146  3.863000e+001
152  1.838000e+001
156  3.257000e+001
   50 
53  1.436000e+002
56  8.875000e+001
64  1.881000e+002
68  6.297000e+001
72  2.244000e+002
79  1.234000e+002
83  1.744000e+002
88  1.794000e+002
98  2.290000e+002
106  1.255000e+002
110  1.806000e+002
115  8.848000e+001
120  1.655000e+002
126  9.229000e+001
130  7.017000e+001
132  2.618000e+002
134  1.910000e+002
140  7.912000e+001
144  1.802000e+002
146  1.516000e+002
152  8.214000e+001
156  1.225000e+002
   51 
53  6.725000e+001
56  5.675000e+001
64  9.132000e+001
68  3.657000e+001
72  1.651000e+002
79  6.104000e+001
83  1.243000e+002
88  1.009000e+002
98  1.727000e+002
106  1.033000e+002
110  1.025000e+002
115  4.985000e+001
120  9.245000e+001
126  4.088000e+001
130  5.773000e+001
132  2.249000e+002
134  1.041000e+002
140  4.873000e+001
144  1.187000e+002
146  8.949000e+001
152  4.638000e+001
156  7.404000e+001
   52 
53  1.605000e+001
56  1.339000e+001
64  2.944000e+001
68  7.295000e+000
72  5.088000e+001
79  1.335000e+001
83  3.686000e+001
88  3.018000e+001
98  4.551000e+001
106  2.862000e+001
110  3.085000e+001
115  1.059000e+001
120  3.168000e+001
126  8.094000e+000
130  1.634000e+001
132  5.716000e+001
134  2.933000e+001
140  1.149000e+001
144  3.822000e+001
146  2.685000e+001
152  1.047000e+001
156  2.652000e+001
   53 
53  3.184000e+001
56  2.709000e+001
64  2.958000e+001
68  2.097000e+001
72  2.806000e+001
79  2.825000e+001
83  2.989000e+001
88  3.022000e+001
98  3.065000e+001
106  2.499000e+001
110  2.964000e+001
115  2.338000e+001
120  2.466000e+001
126  2.299000e+001
130  1.862000e+001
132  3.340000e+001
134  3.340000e+001
140  2.506000e+001
144  2.814000e+001
146  2.768000e+001
152  2.280000e+001
156  2.128000e+001
   54 
53  1.414000e+001
56  1.191000e+001
64  2.436000e+001
68  6.553000e+000
72  4.468000e+001
79  1.190000e+001
83  3.171000e+001
88  2.573000e+001
98  4.030000e+001
106  2.511000e+001
110  2.746000e+001
115  9.379000e+000
120  2.656000e+001
126  7.062000e+000
130  1.427000e+001
132  5.454000e+001
134  2.544000e+001
140  1.024000e+001
144  3.312000e+001
146  2.303000e+001
152  9.356000e+000
156  2.249000e+001
   55 
53  1.752000e+001
56  1.480000e+001
64  2.458000e+001
68  8.720000e+000
72  4.625000e+001
79  1.590000e+001
83  3.453000e+001
88  2.753000e+001
98  4.725000e+001
106  2.844000e+001
110  2.791000e+001
115  1.269000e+001
120  2.641000e+001
126  1.104000e+001
130  1.594000e+001
132  5.492000e+001
134  2.935000e+001
140  1.264000e+001
144  3.339000e+001
146  2.550000e+001
152  1.174000e+001
156  2.201000e+001
   56 
53  1.524000e+001
56  1.293000e+001
64  2.236000e+001
68  7.703000e+000
72  4.286000e+001
79  1.376000e+001
83  3.110000e+001
88  2.481000e+001
98  4.196000e+001
106  2.528000e+001
110  2.642000e+001
115  1.111000e+001
120  2.467000e+001
126  9.414000e+000
130  1.500000e+001
132  4.983000e+001
134  2.595000e+001
140  1.103000e+001
144  3.098000e+001
146  2.337000e+001
152  1.021000e+001
156  2.064000e+001
   57 
53  1.716000e+001
56  1.402000e+001
64  3.223000e+001
68  7.882000e+000
72  4.960000e+001
79  1.523000e+001
83  3.691000e+001
88  3.106000e+001
98  4.547000e+001
106  2.778000e+001
110  3.156000e+001
115  1.203000e+001
120  3.275000e+001
126  1.025000e+001
130  1.640000e+001
132  5.466000e+001
134  2.978000e+001
140  1.182000e+001
144  3.782000e+001
146  2.737000e+001
152  1.094000e+001
156  2.683000e+001
   58 
53  3.086000e+001
56  2.615000e+001
64  4.140000e+001
68  1.467000e+001
72  7.933000e+001
79  2.763000e+001
83  5.880000e+001
88  4.717000e+001
98  8.312000e+001
106  4.944000e+001
110  4.781000e+001
115  2.169000e+001
120  4.419000e+001
126  1.763000e+001
130  2.609000e+001
132  1.104000e+002
134  5.038000e+001
140  2.216000e+001
144  5.677000e+001
146  4.223000e+001
152  2.036000e+001
156  3.529000e+001
   59 
53  1.310000e+001
56  1.115000e+001
64  1.821000e+001
68  6.167000e+000
72  3.688000e+001
79  1.105000e+001
83  2.667000e+001
88  2.117000e+001
98  3.796000e+001
106  2.259000e+001
110  2.174000e+001
115  8.896000e+000
120  2.101000e+001
126  6.650000e+000
130  1.217000e+001
132  4.516000e+001
134  2.309000e+001
140  9.616000e+000
144  2.641000e+001
146  1.929000e+001
152  8.768000e+000
156  1.693000e+001
   60 
53  1.722000e+001
56  1.463000e+001
64  2.325000e+001
68  8.363000e+000
72  4.542000e+001
79  1.546000e+001
83  3.346000e+001
88  2.678000e+001
98  4.709000e+001
106  2.791000e+001
110  2.716000e+001
115  1.239000e+001
120  2.560000e+001
126  1.022000e+001
130  1.520000e+001
132  5.465000e+001
134  2.895000e+001
140  1.244000e+001
144  3.263000e+001
146  2.471000e+001
152  1.154000e+001
156  2.097000e+001
   61 
53  1.942000e+001
56  1.606000e+001
64  3.324000e+001
68  1.074000e+001
72  5.117000e+001
79  1.755000e+001
83  3.855000e+001
88  3.298000e+001
98  4.798000e+001
106  2.898000e+001
110  3.368000e+001
115  1.421000e+001
120  3.276000e+001
126  1.246000e+001
130  1.739000e+001
132  5.642000e+001
134  3.082000e+001
140  1.396000e+001
144  3.908000e+001
146  2.876000e+001
152  1.293000e+001
156  2.702000e+001
   62 
53  3.780000e+001
56  3.237000e+001
64  5.212000e+001
68  1.761000e+001
72  1.041000e+002
79  3.402000e+001
83  7.617000e+001
88  6.054000e+001
98  1.047000e+002
106  6.245000e+001
110  6.199000e+001
115  2.708000e+001
120  5.632000e+001
126  2.221000e+001
130  3.539000e+001
132  1.422000e+002
134  6.383000e+001
140  2.707000e+001
144  7.321000e+001
146  5.530000e+001
152  2.484000e+001
156  4.693000e+001
   63 
53  2.332000e+001
56  1.985000e+001
64  3.300000e+001
68  1.118000e+001
72  6.525000e+001
79  2.087000e+001
83  4.767000e+001
88  3.784000e+001
98  6.537000e+001
106  3.902000e+001
110  4.008000e+001
115  1.668000e+001
120  3.748000e+001
126  1.378000e+001
130  2.234000e+001
132  8.520000e+001
134  3.969000e+001
140  1.683000e+001
144  4.656000e+001
146  3.449000e+001
152  1.559000e+001
156  2.999000e+001
   64 
53  4.522000e+001
56  2.977000e+001
64  9.751000e+001
68  1.934000e+001
72  1.514000e+002
79  3.610000e+001
83  1.159000e+002
88  9.036000e+001
98  1.432000e+002
106  8.759000e+001
110  9.465000e+001
115  2.732000e+001
120  1.027000e+002
126  3.107000e+001
130  5.090000e+001
132  1.911000e+002
134  9.920000e+001
140  2.527000e+001
144  1.134000e+002
146  8.902000e+001
152  2.688000e+001
156  8.174000e+001
   65 
53  2.045000e+001
56  1.679000e+001
64  3.629000e+001
68  9.389000e+000
72  6.431000e+001
79  1.618000e+001
83  4.687000e+001
88  3.881000e+001
98  5.907000e+001
106  3.787000e+001
110  4.011000e+001
115  1.300000e+001
120  3.745000e+001
126  1.062000e+001
130  2.198000e+001
132  8.162000e+001
134  3.817000e+001
140  1.443000e+001
144  4.846000e+001
146  3.365000e+001
152  1.310000e+001
156  3.183000e+001
   66 
53  1.401000e+001
56  1.202000e+001
64  2.056000e+001
68  6.726000e+000
72  4.164000e+001
79  1.210000e+001
83  2.993000e+001
88  2.320000e+001
98  4.135000e+001
106  2.486000e+001
110  2.463000e+001
115  9.727000e+000
120  2.349000e+001
126  7.419000e+000
130  1.403000e+001
132  5.049000e+001
134  2.523000e+001
140  1.018000e+001
144  2.981000e+001
146  2.216000e+001
152  9.343000e+000
156  1.955000e+001
   67 
53  1.610000e+001
56  1.370000e+001
64  2.280000e+001
68  7.486000e+000
72  4.695000e+001
79  1.346000e+001
83  3.374000e+001
88  2.630000e+001
98  4.769000e+001
106  2.829000e+001
110  2.703000e+001
115  1.069000e+001
120  2.617000e+001
126  8.066000e+000
130  1.497000e+001
132  6.008000e+001
134  2.926000e+001
140  1.175000e+001
144  3.339000e+001
146  2.400000e+001
152  1.073000e+001
156  2.116000e+001
   68 
53  6.039000e+001
56  5.073000e+001
64  8.175000e+001
68  3.006000e+001
72  1.517000e+002
79  5.456000e+001
83  1.134000e+002
88  9.135000e+001
98  1.591000e+002
106  9.512000e+001
110  9.241000e+001
115  4.401000e+001
120  8.432000e+001
126  3.740000e+001
130  5.140000e+001
132  2.080000e+002
134  9.629000e+001
140  4.296000e+001
144  1.087000e+002
146  8.147000e+001
152  4.129000e+001
156  6.756000e+001
   69 
53  2.035000e+001
56  1.727000e+001
64  2.841000e+001
68  1.179000e+001
72  5.095000e+001
79  1.853000e+001
83  3.907000e+001
88  3.159000e+001
98  5.130000e+001
106  3.138000e+001
110  3.139000e+001
115  1.527000e+001
120  2.912000e+001
126  1.339000e+001
130  1.811000e+001
132  5.862000e+001
134  3.220000e+001
140  1.504000e+001
144  3.717000e+001
146  2.865000e+001
152  1.401000e+001
156  2.451000e+001
   70 
53  1.038000e+002
56  8.496000e+001
64  1.477000e+002
68  5.485000e+001
72  2.967000e+002
79  9.003000e+001
83  2.192000e+002
88  1.728000e+002
98  2.948000e+002
106  1.756000e+002
110  1.728000e+002
115  6.712000e+001
120  1.608000e+002
126  5.538000e+001
130  9.955000e+001
132  3.595000e+002
134  1.832000e+002
140  6.748000e+001
144  2.059000e+002
146  1.574000e+002
152  7.338000e+001
156  1.328000e+002
   71 
53  1.565000e+001
56  1.333000e+001
64  2.254000e+001
68  8.435000e+000
72  4.210000e+001
79  1.428000e+001
83  3.137000e+001
88  2.491000e+001
98  4.093000e+001
106  2.545000e+001
110  2.584000e+001
115  1.166000e+001
120  2.412000e+001
126  1.009000e+001
130  1.493000e+001
132  4.905000e+001
134  2.607000e+001
140  1.141000e+001
144  3.052000e+001
146  2.358000e+001
152  1.048000e+001
156  2.034000e+001
   72 
53  2.879000e+001
56  2.437000e+001
64  4.195000e+001
68  1.387000e+001
72  7.793000e+001
79  2.558000e+001
83  5.783000e+001
88  4.700000e+001
98  7.695000e+001
106  4.758000e+001
110  4.788000e+001
115  2.082000e+001
120  4.396000e+001
126  1.723000e+001
130  2.757000e+001
132  1.029000e+002
134  4.685000e+001
140  2.072000e+001
144  5.552000e+001
146  4.181000e+001
152  1.918000e+001
156  3.605000e+001
   73 
53  3.274000e+001
56  2.798000e+001
64  4.479000e+001
68  1.511000e+001
72  8.874000e+001
79  2.878000e+001
83  6.573000e+001
88  5.214000e+001
98  9.254000e+001
106  5.508000e+001
110  5.206000e+001
115  2.298000e+001
120  4.917000e+001
126  1.758000e+001
130  2.890000e+001
132  1.249000e+002
134  5.589000e+001
140  2.342000e+001
144  6.331000e+001
146  4.668000e+001
152  2.153000e+001
156  3.967000e+001
   74 
53  1.667000e+001
56  1.417000e+001
64  2.300000e+001
68  8.291000e+000
72  4.540000e+001
79  1.511000e+001
83  3.305000e+001
88  2.641000e+001
98  4.613000e+001
106  2.721000e+001
110  2.776000e+001
115  1.207000e+001
120  2.581000e+001
126  1.021000e+001
130  1.563000e+001
132  5.537000e+001
134  2.818000e+001
140  1.211000e+001
144  3.241000e+001
146  2.451000e+001
152  1.123000e+001
156  2.116000e+001
   75 
53  1.047000e+002
56  8.614000e+001
64  1.548000e+002
68  4.617000e+001
72  2.944000e+002
79  1.007000e+002
83  2.236000e+002
88  1.748000e+002
98  3.022000e+002
106  1.825000e+002
110  1.760000e+002
115  7.670000e+001
120  1.662000e+002
126  6.686000e+001
130  1.023000e+002
132  3.608000e+002
134  1.842000e+002
140  7.303000e+001
144  2.109000e+002
146  1.617000e+002
152  6.934000e+001
156  1.390000e+002
   76 
53  1.531000e+001
56  1.290000e+001
64  2.209000e+001
68  7.165000e+000
72  4.209000e+001
79  1.326000e+001
83  3.113000e+001
88  2.435000e+001
98  4.105000e+001
106  2.622000e+001
110  2.460000e+001
115  1.051000e+001
120  2.396000e+001
126  8.475000e+000
130  1.388000e+001
132  5.103000e+001
134  2.667000e+001
140  1.105000e+001
144  3.063000e+001
146  2.264000e+001
152  1.008000e+001
156  1.969000e+001
   77 
53  3.892000e+001
56  3.224000e+001
64  6.220000e+001
68  1.661000e+001
72  1.255000e+002
79  3.133000e+001
83  9.096000e+001
88  6.867000e+001
98  1.249000e+002
106  7.670000e+001
110  7.006000e+001
115  2.296000e+001
120  6.971000e+001
126  1.768000e+001
130  4.053000e+001
132  1.741000e+002
134  7.530000e+001
140  2.661000e+001
144  8.905000e+001
146  6.572000e+001
152  2.453000e+001
156  5.745000e+001
   78 
53  2.304000e+001
56  1.945000e+001
64  3.290000e+001
68  1.105000e+001
72  6.688000e+001
79  1.989000e+001
83  4.828000e+001
88  3.760000e+001
98  6.704000e+001
106  3.993000e+001
110  3.983000e+001
115  1.585000e+001
120  3.791000e+001
126  1.226000e+001
130  2.205000e+001
132  9.251000e+001
134  4.109000e+001
140  1.666000e+001
144  4.756000e+001
146  3.538000e+001
152  1.535000e+001
156  3.068000e+001
   79 
53  2.463000e+001
56  1.992000e+001
64  4.278000e+001
68  1.460000e+001
72  5.938000e+001
79  2.236000e+001
83  4.636000e+001
88  4.045000e+001
98  5.572000e+001
106  3.348000e+001
110  4.148000e+001
115  1.824000e+001
120  4.037000e+001
126  1.680000e+001
130  2.064000e+001
132  6.723000e+001
134  3.833000e+001
140  1.763000e+001
144  4.676000e+001
146  3.480000e+001
152  1.672000e+001
156  3.282000e+001
   80 
53  1.537000e+001
56  1.304000e+001
64  2.121000e+001
68  7.368000e+000
72  4.050000e+001
79  1.347000e+001
83  3.016000e+001
88  2.456000e+001
98  4.170000e+001
106  2.481000e+001
110  2.479000e+001
115  1.101000e+001
120  2.319000e+001
126  8.973000e+000
130  1.385000e+001
132  4.893000e+001
134  2.600000e+001
140  1.100000e+001
144  2.942000e+001
146  2.255000e+001
152  1.034000e+001
156  1.928000e+001
   81 
53  2.342000e+001
56  1.976000e+001
64  3.289000e+001
68  1.168000e+001
72  6.183000e+001
79  2.129000e+001
83  4.616000e+001
88  3.667000e+001
98  6.395000e+001
106  3.810000e+001
110  3.800000e+001
115  1.691000e+001
120  3.593000e+001
126  1.478000e+001
130  2.163000e+001
132  8.168000e+001
134  3.911000e+001
140  1.687000e+001
144  4.481000e+001
146  3.377000e+001
152  1.559000e+001
156  2.905000e+001
   82 
53  6.074000e+001
56  5.281000e+001
64  9.495000e+001
68  2.324000e+001
72  1.845000e+002
79  5.222000e+001
83  1.354000e+002
88  1.024000e+002
98  1.878000e+002
106  1.139000e+002
110  1.052000e+002
115  4.153000e+001
120  1.030000e+002
126  2.994000e+001
130  5.759000e+001
132  2.515000e+002
134  1.137000e+002
140  4.512000e+001
144  1.322000e+002
146  9.593000e+001
152  3.857000e+001
156  8.248000e+001
   83 
53  1.389000e+001
56  1.196000e+001
64  1.981000e+001
68  6.556000e+000
72  4.025000e+001
79  1.186000e+001
83  2.919000e+001
88  2.265000e+001
98  4.115000e+001
106  2.453000e+001
110  2.346000e+001
115  9.558000e+000
120  2.258000e+001
126  7.250000e+000
130  1.324000e+001
132  4.885000e+001
134  2.493000e+001
140  1.019000e+001
144  2.883000e+001
146  2.136000e+001
152  9.346000e+000
156  1.854000e+001
   84 
53  3.663000e+001
56  2.631000e+001
64  5.420000e+001
68  1.722000e+001
72  7.504000e+001
79  3.254000e+001
83  5.803000e+001
88  5.390000e+001
98  7.414000e+001
106  4.321000e+001
110  5.481000e+001
115  2.467000e+001
120  4.965000e+001
126  2.249000e+001
130  2.495000e+001
132  9.375000e+001
134  5.697000e+001
140  2.279000e+001
144  5.959000e+001
146  4.413000e+001
152  2.180000e+001
156  3.881000e+001
   85 
53  1.848000e+001
56  1.583000e+001
64  2.837000e+001
68  8.580000e+000
72  5.545000e+001
79  1.586000e+001
83  4.033000e+001
88  3.182000e+001
98  5.377000e+001
106  3.303000e+001
110  3.350000e+001
115  1.278000e+001
120  3.213000e+001
126  9.656000e+000
130  1.896000e+001
132  7.176000e+001
134  3.295000e+001
140  1.340000e+001
144  4.069000e+001
146  2.860000e+001
152  1.231000e+001
156  2.707000e+001
   86 
53  1.518000e+001
56  1.293000e+001
64  2.069000e+001
68  7.371000e+000
72  4.033000e+001
79  1.347000e+001
83  2.987000e+001
88  2.367000e+001
98  4.000000e+001
106  2.515000e+001
110  2.380000e+001
115  1.070000e+001
120  2.255000e+001
126  8.607000e+000
130  1.318000e+001
132  4.902000e+001
134  2.563000e+001
140  1.113000e+001
144  2.903000e+001
146  2.136000e+001
152  1.018000e+001
156  1.841000e+001
   87 
53  1.713000e+001
56  1.459000e+001
64  2.304000e+001
68  1.015000e+001
72  4.053000e+001
79  1.582000e+001
83  3.131000e+001
88  2.551000e+001
98  4.093000e+001
106  2.569000e+001
110  2.431000e+001
115  1.298000e+001
120  2.331000e+001
126  1.153000e+001
130  1.461000e+001
132  4.818000e+001
134  2.640000e+001
140  1.277000e+001
144  2.851000e+001
146  2.288000e+001
152  1.183000e+001
156  1.928000e+001
   88 
53  2.661000e+001
56  2.254000e+001
64  3.748000e+001
68  1.246000e+001
72  7.591000e+001
79  2.246000e+001
83  5.563000e+001
88  4.325000e+001
98  7.875000e+001
106  4.694000e+001
110  4.394000e+001
115  1.756000e+001
120  4.186000e+001
126  1.339000e+001
130  2.410000e+001
132  1.086000e+002
134  4.778000e+001
140  1.928000e+001
144  5.433000e+001
146  3.940000e+001
152  1.756000e+001
156  3.368000e+001
   89 
53  1.610000e+001
56  1.348000e+001
64  2.658000e+001
68  7.436000e+000
72  5.021000e+001
79  1.369000e+001
83  3.570000e+001
88  2.854000e+001
98  4.621000e+001
106  2.855000e+001
110  3.082000e+001
115  1.077000e+001
120  2.933000e+001
126  8.482000e+000
130  1.647000e+001
132  6.251000e+001
134  2.901000e+001
140  1.160000e+001
144  3.683000e+001
146  2.633000e+001
152  1.062000e+001
156  2.484000e+001
   90 
53  9.726000e+001
56  6.281000e+001
64  1.812000e+002
68  4.259000e+001
72  2.856000e+002
79  7.790000e+001
83  2.201000e+002
88  1.747000e+002
98  2.821000e+002
106  1.711000e+002
110  1.782000e+002
115  6.355000e+001
120  1.908000e+002
126  6.074000e+001
130  9.038000e+001
132  3.438000e+002
134  1.908000e+002
140  5.683000e+001
144  2.134000e+002
146  1.672000e+002
152  5.690000e+001
156  1.470000e+002
   91 
53  4.311000e+001
56  1.872000e+001
64  1.025000e+002
68  1.458000e+001
72  1.482000e+002
79  3.604000e+001
83  1.159000e+002
88  8.976000e+001
98  1.370000e+002
106  8.308000e+001
110  9.481000e+001
115  2.415000e+001
120  1.071000e+002
126  3.322000e+001
130  4.872000e+001
132  1.792000e+002
134  9.965000e+001
140  2.017000e+001
144  1.123000e+002
146  9.023000e+001
152  2.280000e+001
156  8.359000e+001
   92 
53  9.644000e+001
56  8.070000e+001
64  1.367000e+002
68  4.190000e+001
72  2.728000e+002
79  8.906000e+001
83  2.031000e+002
88  1.572000e+002
98  2.803000e+002
106  1.690000e+002
110  1.568000e+002
115  6.714000e+001
120  1.500000e+002
126  5.248000e+001
130  8.543000e+001
132  3.462000e+002
134  1.724000e+002
140  7.448000e+001
144  1.930000e+002
146  1.418000e+002
152  6.033000e+001
156  1.233000e+002
   93 
53  2.423000e+001
56  1.987000e+001
64  3.723000e+001
68  1.119000e+001
72  6.382000e+001
79  2.148000e+001
83  4.870000e+001
88  3.914000e+001
98  6.352000e+001
106  3.825000e+001
110  3.938000e+001
115  1.697000e+001
120  4.002000e+001
126  1.443000e+001
130  2.112000e+001
132  7.879000e+001
134  4.031000e+001
140  1.676000e+001
144  4.691000e+001
146  3.443000e+001
152  1.547000e+001
156  3.209000e+001
   94 
53  7.248000e+001
56  5.809000e+001
64  1.159000e+002
68  3.941000e+001
72  1.908000e+002
79  6.494000e+001
83  1.454000e+002
88  1.180000e+002
98  1.869000e+002
106  1.132000e+002
110  1.183000e+002
115  5.223000e+001
120  1.187000e+002
126  4.576000e+001
130  6.593000e+001
132  2.410000e+002
134  1.170000e+002
140  5.220000e+001
144  1.388000e+002
146  1.045000e+002
152  4.528000e+001
156  9.455000e+001
   95 
53  1.610000e+001
56  1.379000e+001
64  2.121000e+001
68  9.579000e+000
72  3.870000e+001
79  1.486000e+001
83  2.962000e+001
88  2.406000e+001
98  3.953000e+001
106  2.411000e+001
110  2.449000e+001
115  1.219000e+001
120  2.218000e+001
126  1.075000e+001
130  1.369000e+001
132  4.525000e+001
134  2.520000e+001
140  1.209000e+001
144  2.819000e+001
146  2.185000e+001
152  1.125000e+001
156  1.803000e+001
   96 
53  2.448000e+001
56  2.096000e+001
64  3.434000e+001
68  1.307000e+001
72  6.554000e+001
79  2.234000e+001
83  4.872000e+001
88  3.873000e+001
98  6.689000e+001
106  3.985000e+001
110  4.063000e+001
115  1.809000e+001
120  3.750000e+001
126  1.543000e+001
130  2.319000e+001
132  8.581000e+001
134  4.046000e+001
140  1.796000e+001
144  4.734000e+001
146  3.601000e+001
152  1.645000e+001
156  3.048000e+001
   97 
53  1.534000e+001
56  1.297000e+001
64  2.374000e+001
68  7.328000e+000
72  4.639000e+001
79  1.326000e+001
83  3.306000e+001
88  2.617000e+001
98  4.402000e+001
106  2.696000e+001
110  2.818000e+001
115  1.061000e+001
120  2.664000e+001
126  8.332000e+000
130  1.562000e+001
132  5.556000e+001
134  2.746000e+001
140  1.111000e+001
144  3.355000e+001
146  2.465000e+001
152  1.022000e+001
156  2.250000e+001
   98 
53  1.935000e+001
56  1.492000e+001
64  3.452000e+001
68  9.815000e+000
72  4.577000e+001
79  1.735000e+001
83  3.545000e+001
88  3.164000e+001
98  4.337000e+001
106  2.571000e+001
110  3.264000e+001
115  1.374000e+001
120  3.240000e+001
126  1.227000e+001
130  1.549000e+001
132  4.907000e+001
134  3.143000e+001
140  1.287000e+001
144  3.663000e+001
146  2.741000e+001
152  1.200000e+001
156  2.554000e+001
   99 
53  4.046000e+001
56  3.381000e+001
64  6.511000e+001
68  1.914000e+001
72  1.105000e+002
79  3.548000e+001
83  8.220000e+001
88  6.829000e+001
98  1.051000e+002
106  6.512000e+001
110  6.617000e+001
115  2.789000e+001
120  6.700000e+001
126  2.225000e+001
130  3.701000e+001
132  1.418000e+002
134  6.623000e+001
140  2.768000e+001
144  7.970000e+001
146  5.706000e+001
152  2.639000e+001
156  5.459000e+001
   100 
53  2.466000e+001
56  2.078000e+001
64  3.689000e+001
68  1.502000e+001
72  6.370000e+001
79  2.263000e+001
83  4.891000e+001
88  3.935000e+001
98  6.085000e+001
106  3.786000e+001
110  3.978000e+001
115  1.873000e+001
120  3.763000e+001
126  1.732000e+001
130  2.291000e+001
132  7.279000e+001
134  3.924000e+001
140  1.821000e+001
144  4.665000e+001
146  3.680000e+001
152  1.727000e+001
156  3.231000e+001
