   1 
56  1.287000e+001
64  3.336000e+001
68  1.381000e+001
72  4.165000e+001
83  2.673000e+001
88  2.807000e+001
98  3.850000e+001
106  2.945000e+001
109  3.964000e+001
115  1.566000e+001
125  1.871000e+001
130  1.906000e+001
132  4.639000e+001
134  3.261000e+001
139  1.559000e+001
144  3.785000e+001
147  3.296000e+001
151  1.587000e+001
   2 
56  1.286000e+001
64  3.460000e+001
68  1.409000e+001
72  4.279000e+001
83  2.604000e+001
88  2.920000e+001
98  3.830000e+001
106  2.860000e+001
109  4.099000e+001
115  1.600000e+001
125  1.952000e+001
130  1.864000e+001
132  4.708000e+001
134  3.271000e+001
139  1.592000e+001
144  3.848000e+001
147  3.300000e+001
151  1.619000e+001
   3 
56  9.092000e+000
64  2.247000e+001
68  9.911000e+000
72  2.737000e+001
83  1.813000e+001
88  1.824000e+001
98  2.735000e+001
106  2.125000e+001
109  2.597000e+001
115  1.132000e+001
125  1.280000e+001
130  1.370000e+001
132  3.097000e+001
134  2.194000e+001
139  1.121000e+001
144  2.507000e+001
147  2.241000e+001
151  1.139000e+001
   4 
56  1.063000e+001
64  3.154000e+001
68  1.221000e+001
72  4.469000e+001
83  2.384000e+001
88  2.421000e+001
98  4.134000e+001
106  3.114000e+001
109  4.124000e+001
115  1.435000e+001
125  1.632000e+001
130  1.885000e+001
132  5.069000e+001
134  3.347000e+001
139  1.440000e+001
144  3.833000e+001
147  3.205000e+001
151  1.419000e+001
   5 
56  1.700000e+001
64  5.891000e+001
68  1.531000e+001
72  7.491000e+001
83  4.453000e+001
88  4.529000e+001
98  7.020000e+001
106  5.057000e+001
109  7.436000e+001
115  1.970000e+001
125  3.167000e+001
130  2.907000e+001
132  1.017000e+002
134  5.939000e+001
139  2.050000e+001
144  7.326000e+001
147  5.528000e+001
151  2.112000e+001
   6 
56  7.984000e+000
64  2.261000e+001
68  8.981000e+000
72  2.753000e+001
83  1.699000e+001
88  1.785000e+001
98  2.772000e+001
106  2.181000e+001
109  2.734000e+001
115  1.060000e+001
125  1.198000e+001
130  1.333000e+001
132  3.221000e+001
134  2.189000e+001
139  1.057000e+001
144  2.547000e+001
147  2.270000e+001
151  1.058000e+001
   7 
56  8.699000e+000
64  2.652000e+001
68  9.942000e+000
72  3.250000e+001
83  1.965000e+001
88  2.140000e+001
98  3.030000e+001
106  2.393000e+001
109  3.086000e+001
115  1.176000e+001
125  1.402000e+001
130  1.485000e+001
132  3.873000e+001
134  2.666000e+001
139  1.175000e+001
144  3.013000e+001
147  2.571000e+001
151  1.173000e+001
   8 
56  8.196000e+000
64  2.567000e+001
68  9.437000e+000
72  3.117000e+001
83  1.931000e+001
88  2.112000e+001
98  2.873000e+001
106  2.224000e+001
109  2.958000e+001
115  1.116000e+001
125  1.439000e+001
130  1.394000e+001
132  3.605000e+001
134  2.570000e+001
139  1.114000e+001
144  2.963000e+001
147  2.457000e+001
151  1.108000e+001
   9 
56  1.355000e+001
64  3.538000e+001
68  1.534000e+001
72  4.739000e+001
83  2.706000e+001
88  2.829000e+001
98  4.461000e+001
106  3.101000e+001
109  4.489000e+001
115  1.782000e+001
125  2.097000e+001
130  1.968000e+001
132  5.296000e+001
134  3.750000e+001
139  1.762000e+001
144  4.222000e+001
147  3.460000e+001
151  1.784000e+001
   10 
56  6.955000e+000
64  2.203000e+001
68  7.895000e+000
72  2.488000e+001
83  1.665000e+001
88  1.715000e+001
98  2.415000e+001
106  1.811000e+001
109  2.423000e+001
115  9.312000e+000
125  1.167000e+001
130  1.205000e+001
132  2.628000e+001
134  1.952000e+001
139  9.249000e+000
144  2.416000e+001
147  2.085000e+001
151  9.290000e+000
   11 
56  1.953000e+001
64  5.689000e+001
68  2.181000e+001
72  7.146000e+001
83  4.229000e+001
88  4.655000e+001
98  6.669000e+001
106  4.934000e+001
109  7.141000e+001
115  2.552000e+001
125  3.167000e+001
130  3.133000e+001
132  9.318000e+001
134  5.589000e+001
139  2.551000e+001
144  7.169000e+001
147  5.347000e+001
151  2.580000e+001
   12 
56  1.912000e+001
64  5.209000e+001
68  2.054000e+001
72  6.045000e+001
83  3.973000e+001
88  4.691000e+001
98  5.681000e+001
106  3.863000e+001
109  6.196000e+001
115  2.336000e+001
125  3.338000e+001
130  2.632000e+001
132  7.096000e+001
134  4.642000e+001
139  2.344000e+001
144  5.994000e+001
147  4.733000e+001
151  2.383000e+001
   13 
56  1.053000e+001
64  2.849000e+001
68  1.185000e+001
72  3.808000e+001
83  2.174000e+001
88  2.263000e+001
98  3.580000e+001
106  2.749000e+001
109  3.541000e+001
115  1.387000e+001
125  1.555000e+001
130  1.692000e+001
132  4.342000e+001
134  3.021000e+001
139  1.374000e+001
144  3.271000e+001
147  2.893000e+001
151  1.387000e+001
   14 
56  2.407000e+001
64  5.583000e+001
68  2.638000e+001
72  7.724000e+001
83  4.439000e+001
88  4.420000e+001
98  7.498000e+001
106  5.323000e+001
109  7.339000e+001
115  3.001000e+001
125  3.341000e+001
130  3.418000e+001
132  1.027000e+002
134  6.076000e+001
139  2.978000e+001
144  7.251000e+001
147  5.690000e+001
151  3.032000e+001
   15 
56  1.710000e+001
64  4.076000e+001
68  1.857000e+001
72  5.519000e+001
83  3.259000e+001
88  3.349000e+001
98  5.256000e+001
106  3.915000e+001
109  5.121000e+001
115  2.110000e+001
125  2.369000e+001
130  2.477000e+001
132  6.579000e+001
134  4.323000e+001
139  2.113000e+001
144  4.861000e+001
147  4.206000e+001
151  2.154000e+001
   16 
56  1.247000e+001
64  3.016000e+001
68  1.365000e+001
72  3.852000e+001
83  2.392000e+001
88  2.436000e+001
98  3.803000e+001
106  2.877000e+001
109  3.659000e+001
115  1.555000e+001
125  1.763000e+001
130  1.818000e+001
132  4.523000e+001
134  3.215000e+001
139  1.546000e+001
144  3.408000e+001
147  3.083000e+001
151  1.573000e+001
   17 
56  1.568000e+001
64  4.374000e+001
68  1.740000e+001
72  6.077000e+001
83  3.370000e+001
88  3.484000e+001
98  5.684000e+001
106  4.250000e+001
109  5.883000e+001
115  2.046000e+001
125  2.312000e+001
130  2.599000e+001
132  7.434000e+001
134  4.587000e+001
139  2.040000e+001
144  5.526000e+001
147  4.423000e+001
151  2.048000e+001
   18 
56  1.806000e+001
64  2.336000e+001
68  2.046000e+001
72  2.783000e+001
83  1.967000e+001
88  2.289000e+001
98  2.730000e+001
106  2.278000e+001
109  3.018000e+001
115  2.357000e+001
125  2.315000e+001
130  2.131000e+001
132  3.136000e+001
134  2.805000e+001
139  2.300000e+001
144  2.681000e+001
147  2.518000e+001
151  2.256000e+001
   19 
56  1.381000e+001
64  3.703000e+001
68  1.562000e+001
72  5.212000e+001
83  2.762000e+001
88  2.794000e+001
98  4.934000e+001
106  3.578000e+001
109  4.786000e+001
115  1.844000e+001
125  2.054000e+001
130  2.220000e+001
132  6.368000e+001
134  4.014000e+001
139  1.842000e+001
144  4.411000e+001
147  3.731000e+001
151  1.842000e+001
   20 
56  1.787000e+001
64  4.861000e+001
68  2.012000e+001
72  6.858000e+001
83  3.830000e+001
88  3.835000e+001
98  6.506000e+001
106  4.805000e+001
109  6.585000e+001
115  2.367000e+001
125  2.692000e+001
130  2.959000e+001
132  8.731000e+001
134  5.228000e+001
139  2.336000e+001
144  6.414000e+001
147  5.005000e+001
151  2.353000e+001
   21 
56  8.117000e+000
64  2.402000e+001
68  9.557000e+000
72  3.101000e+001
83  1.801000e+001
88  1.812000e+001
98  2.964000e+001
106  2.305000e+001
109  2.813000e+001
115  1.118000e+001
125  1.299000e+001
130  1.449000e+001
132  3.728000e+001
134  2.560000e+001
139  1.124000e+001
144  2.760000e+001
147  2.359000e+001
151  1.111000e+001
   22 
56  1.397000e+001
64  3.444000e+001
68  1.540000e+001
72  3.951000e+001
83  2.418000e+001
88  2.862000e+001
98  3.858000e+001
106  2.632000e+001
109  4.098000e+001
115  1.804000e+001
125  2.195000e+001
130  1.746000e+001
132  4.512000e+001
134  3.433000e+001
139  1.821000e+001
144  3.734000e+001
147  3.209000e+001
151  1.896000e+001
   23 
56  1.102000e+001
64  2.826000e+001
68  1.227000e+001
72  3.518000e+001
83  2.214000e+001
88  2.293000e+001
98  3.526000e+001
106  2.714000e+001
109  3.485000e+001
115  1.407000e+001
125  1.582000e+001
130  1.685000e+001
132  4.240000e+001
134  2.977000e+001
139  1.393000e+001
144  3.229000e+001
147  2.880000e+001
151  1.414000e+001
   24 
56  7.983000e+000
64  2.073000e+001
68  8.829000e+000
72  2.533000e+001
83  1.659000e+001
88  1.658000e+001
98  2.547000e+001
106  1.954000e+001
109  2.351000e+001
115  1.017000e+001
125  1.163000e+001
130  1.254000e+001
132  2.807000e+001
134  2.016000e+001
139  1.003000e+001
144  2.307000e+001
147  1.989000e+001
151  1.017000e+001
   25 
56  1.091000e+001
64  2.516000e+001
68  1.193000e+001
72  3.113000e+001
83  1.950000e+001
88  1.992000e+001
98  3.088000e+001
106  2.418000e+001
109  2.956000e+001
115  1.355000e+001
125  1.496000e+001
130  1.543000e+001
132  3.616000e+001
134  2.528000e+001
139  1.351000e+001
144  2.854000e+001
147  2.449000e+001
151  1.378000e+001
   26 
56  9.951000e+000
64  2.599000e+001
68  1.119000e+001
72  3.387000e+001
83  1.983000e+001
88  2.027000e+001
98  3.291000e+001
106  2.514000e+001
109  3.217000e+001
115  1.319000e+001
125  1.450000e+001
130  1.576000e+001
132  4.139000e+001
134  2.828000e+001
139  1.311000e+001
144  3.032000e+001
147  2.596000e+001
151  1.314000e+001
   27 
56  8.150000e+000
64  2.227000e+001
68  8.980000e+000
72  2.414000e+001
83  1.713000e+001
88  1.794000e+001
98  2.395000e+001
106  1.809000e+001
109  2.491000e+001
115  1.023000e+001
125  1.273000e+001
130  1.218000e+001
132  2.607000e+001
134  2.001000e+001
139  1.017000e+001
144  2.425000e+001
147  2.005000e+001
151  1.035000e+001
   28 
56  1.269000e+001
64  3.187000e+001
68  1.393000e+001
72  4.340000e+001
83  2.576000e+001
88  2.586000e+001
98  3.988000e+001
106  3.073000e+001
109  3.877000e+001
115  1.590000e+001
125  1.815000e+001
130  1.933000e+001
132  4.762000e+001
134  3.366000e+001
139  1.574000e+001
144  3.660000e+001
147  3.272000e+001
151  1.600000e+001
   29 
56  2.341000e+001
64  6.057000e+001
68  2.602000e+001
72  8.535000e+001
83  4.934000e+001
88  4.773000e+001
98  8.138000e+001
106  5.909000e+001
109  7.976000e+001
115  3.023000e+001
125  3.476000e+001
130  3.750000e+001
132  1.125000e+002
134  6.482000e+001
139  2.981000e+001
144  7.974000e+001
147  6.244000e+001
151  3.015000e+001
   30 
56  7.464000e+000
64  2.016000e+001
68  8.366000e+000
72  2.442000e+001
83  1.509000e+001
88  1.585000e+001
98  2.425000e+001
106  1.941000e+001
109  2.399000e+001
115  9.785000e+000
125  1.117000e+001
130  1.197000e+001
132  2.876000e+001
134  1.971000e+001
139  9.752000e+000
144  2.222000e+001
147  1.954000e+001
151  9.849000e+000
   31 
56  8.667000e+000
64  2.458000e+001
68  9.895000e+000
72  2.894000e+001
83  1.855000e+001
88  1.986000e+001
98  2.894000e+001
106  2.276000e+001
109  2.879000e+001
115  1.155000e+001
125  1.327000e+001
130  1.406000e+001
132  3.581000e+001
134  2.524000e+001
139  1.147000e+001
144  2.852000e+001
147  2.421000e+001
151  1.145000e+001
   32 
56  1.169000e+001
64  3.458000e+001
68  1.334000e+001
72  4.690000e+001
83  2.572000e+001
88  2.733000e+001
98  4.328000e+001
106  3.252000e+001
109  4.460000e+001
115  1.580000e+001
125  1.790000e+001
130  2.006000e+001
132  5.285000e+001
134  3.546000e+001
139  1.572000e+001
144  4.168000e+001
147  3.430000e+001
151  1.565000e+001
   33 
56  7.800000e+000
64  2.381000e+001
68  8.983000e+000
72  3.091000e+001
83  1.800000e+001
88  1.826000e+001
98  2.949000e+001
106  2.300000e+001
109  2.816000e+001
115  1.064000e+001
125  1.248000e+001
130  1.413000e+001
132  3.688000e+001
134  2.504000e+001
139  1.060000e+001
144  2.776000e+001
147  2.391000e+001
151  1.052000e+001
   34 
56  1.881000e+001
64  4.719000e+001
68  2.086000e+001
72  6.620000e+001
83  3.702000e+001
88  3.760000e+001
98  6.358000e+001
106  4.639000e+001
109  6.360000e+001
115  2.410000e+001
125  2.685000e+001
130  2.901000e+001
132  8.464000e+001
134  5.100000e+001
139  2.388000e+001
144  6.196000e+001
147  4.870000e+001
151  2.423000e+001
   35 
56  2.033000e+001
64  4.209000e+001
68  2.836000e+001
72  4.037000e+001
83  2.531000e+001
88  4.029000e+001
98  4.564000e+001
106  2.746000e+001
109  5.218000e+001
115  3.186000e+001
125  3.778000e+001
130  2.378000e+001
132  4.902000e+001
134  4.434000e+001
139  3.207000e+001
144  4.159000e+001
147  3.987000e+001
151  3.407000e+001
   36 
56  8.484000e+000
64  2.834000e+001
68  1.415000e+001
72  2.584000e+001
83  1.517000e+001
88  2.676000e+001
98  2.721000e+001
106  1.456000e+001
109  3.489000e+001
115  1.615000e+001
125  2.307000e+001
130  1.211000e+001
132  2.928000e+001
134  2.875000e+001
139  1.688000e+001
144  2.623000e+001
147  2.450000e+001
151  1.890000e+001
   37 
56  3.798000e+001
64  1.084000e+002
68  4.401000e+001
72  1.538000e+002
83  8.792000e+001
88  8.664000e+001
98  1.459000e+002
106  1.086000e+002
109  1.456000e+002
115  5.153000e+001
125  5.918000e+001
130  6.649000e+001
132  2.018000e+002
134  1.155000e+002
139  5.088000e+001
144  1.438000e+002
147  1.129000e+002
151  5.113000e+001
   38 
56  8.989000e+000
64  2.425000e+001
68  1.021000e+001
72  3.079000e+001
83  1.800000e+001
88  1.882000e+001
98  3.064000e+001
106  2.343000e+001
109  2.947000e+001
115  1.196000e+001
125  1.329000e+001
130  1.438000e+001
132  3.692000e+001
134  2.486000e+001
139  1.186000e+001
144  2.772000e+001
147  2.453000e+001
151  1.186000e+001
   39 
56  1.104000e+001
64  2.806000e+001
68  1.228000e+001
72  3.298000e+001
83  2.095000e+001
88  2.294000e+001
98  3.307000e+001
106  2.416000e+001
109  3.391000e+001
115  1.416000e+001
125  1.682000e+001
130  1.519000e+001
132  4.062000e+001
134  2.921000e+001
139  1.406000e+001
144  3.220000e+001
147  2.698000e+001
151  1.427000e+001
   40 
56  1.478000e+001
64  5.043000e+001
68  1.718000e+001
72  6.123000e+001
83  3.740000e+001
88  4.266000e+001
98  5.594000e+001
106  4.018000e+001
109  6.347000e+001
115  2.049000e+001
125  2.952000e+001
130  2.569000e+001
132  7.674000e+001
134  4.657000e+001
139  2.044000e+001
144  6.219000e+001
147  4.562000e+001
151  2.028000e+001
   41 
56  1.170000e+001
64  5.098000e+001
68  1.428000e+001
72  6.170000e+001
83  3.648000e+001
88  4.173000e+001
98  5.461000e+001
106  3.987000e+001
109  6.395000e+001
115  1.697000e+001
125  2.661000e+001
130  2.509000e+001
132  7.678000e+001
134  4.510000e+001
139  1.719000e+001
144  6.186000e+001
147  4.492000e+001
151  1.651000e+001
   42 
56  9.901000e+000
64  2.793000e+001
68  1.151000e+001
72  3.547000e+001
83  2.012000e+001
88  2.211000e+001
98  3.293000e+001
106  2.501000e+001
109  3.348000e+001
115  1.346000e+001
125  1.573000e+001
130  1.567000e+001
132  4.198000e+001
134  2.939000e+001
139  1.342000e+001
144  3.177000e+001
147  2.659000e+001
151  1.344000e+001
   43 
56  1.578000e+001
64  4.084000e+001
68  1.732000e+001
72  5.210000e+001
83  3.172000e+001
88  3.378000e+001
98  4.864000e+001
106  3.670000e+001
109  4.950000e+001
115  1.965000e+001
125  2.331000e+001
130  2.370000e+001
132  6.201000e+001
134  4.104000e+001
139  1.962000e+001
144  4.749000e+001
147  4.013000e+001
151  2.014000e+001
   44 
56  2.924000e+001
64  7.021000e+001
68  3.219000e+001
72  9.666000e+001
83  5.233000e+001
88  5.550000e+001
98  9.422000e+001
106  6.750000e+001
109  9.309000e+001
115  3.713000e+001
125  4.095000e+001
130  4.257000e+001
132  1.300000e+002
134  7.608000e+001
139  3.708000e+001
144  9.089000e+001
147  7.108000e+001
151  3.770000e+001
   45 
56  1.078000e+001
64  3.288000e+001
68  1.272000e+001
72  4.655000e+001
83  2.526000e+001
88  2.526000e+001
98  4.301000e+001
106  3.250000e+001
109  4.281000e+001
115  1.500000e+001
125  1.724000e+001
130  1.978000e+001
132  5.297000e+001
134  3.498000e+001
139  1.499000e+001
144  3.990000e+001
147  3.341000e+001
151  1.477000e+001
   46 
56  7.872000e+000
64  2.702000e+001
68  8.960000e+000
72  2.863000e+001
83  2.026000e+001
88  2.276000e+001
98  2.728000e+001
106  1.978000e+001
109  3.046000e+001
115  1.060000e+001
125  1.572000e+001
130  1.349000e+001
132  3.174000e+001
134  2.358000e+001
139  1.054000e+001
144  2.913000e+001
147  2.433000e+001
151  1.052000e+001
   47 
56  7.840000e+000
64  2.282000e+001
68  8.780000e+000
72  2.604000e+001
83  1.740000e+001
88  1.783000e+001
98  2.606000e+001
106  1.917000e+001
109  2.525000e+001
115  1.014000e+001
125  1.216000e+001
130  1.266000e+001
132  2.718000e+001
134  2.037000e+001
139  1.004000e+001
144  2.497000e+001
147  2.191000e+001
151  1.019000e+001
   48 
56  8.457000e+000
64  2.310000e+001
68  9.376000e+000
72  2.604000e+001
83  1.797000e+001
88  1.839000e+001
98  2.551000e+001
106  1.933000e+001
109  2.575000e+001
115  1.070000e+001
125  1.294000e+001
130  1.286000e+001
132  2.754000e+001
134  2.107000e+001
139  1.061000e+001
144  2.527000e+001
147  2.167000e+001
151  1.081000e+001
   49 
56  1.453000e+001
64  3.615000e+001
68  1.609000e+001
72  4.932000e+001
83  2.867000e+001
88  2.905000e+001
98  4.715000e+001
106  3.448000e+001
109  4.582000e+001
115  1.848000e+001
125  2.071000e+001
130  2.177000e+001
132  5.560000e+001
134  3.838000e+001
139  1.829000e+001
144  4.332000e+001
147  3.692000e+001
151  1.865000e+001
   50 
56  7.851000e+001
64  1.340000e+002
68  9.456000e+001
72  1.362000e+002
83  8.752000e+001
88  1.268000e+002
98  1.445000e+002
106  9.829000e+001
109  1.532000e+002
115  1.101000e+002
125  1.145000e+002
130  8.514000e+001
132  1.779000e+002
134  1.413000e+002
139  1.062000e+002
144  1.481000e+002
147  1.279000e+002
151  1.098000e+002
   51 
56  3.699000e+001
64  8.199000e+001
68  4.009000e+001
72  1.126000e+002
83  6.411000e+001
88  6.496000e+001
98  1.101000e+002
106  7.729000e+001
109  1.083000e+002
115  4.574000e+001
125  4.948000e+001
130  4.964000e+001
132  1.513000e+002
134  8.984000e+001
139  4.553000e+001
144  1.062000e+002
147  8.332000e+001
151  4.604000e+001
   52 
56  8.088000e+000
64  2.712000e+001
68  9.534000e+000
72  3.005000e+001
83  1.928000e+001
88  2.327000e+001
98  2.775000e+001
106  1.924000e+001
109  3.131000e+001
115  1.139000e+001
125  1.759000e+001
130  1.305000e+001
132  3.520000e+001
134  2.588000e+001
139  1.165000e+001
144  2.957000e+001
147  2.451000e+001
151  1.160000e+001
   53 
56  1.849000e+001
64  2.008000e+001
68  1.706000e+001
72  2.236000e+001
83  1.864000e+001
88  1.964000e+001
98  2.095000e+001
106  1.951000e+001
109  2.011000e+001
115  1.873000e+001
125  1.975000e+001
130  1.986000e+001
132  2.540000e+001
134  2.379000e+001
139  2.053000e+001
144  2.399000e+001
147  2.205000e+001
151  1.987000e+001
   54 
56  7.216000e+000
64  2.541000e+001
68  8.399000e+000
72  2.527000e+001
83  1.783000e+001
88  2.245000e+001
98  2.464000e+001
106  1.633000e+001
109  2.907000e+001
115  9.994000e+000
125  1.679000e+001
130  1.162000e+001
132  2.797000e+001
134  2.167000e+001
139  1.016000e+001
144  2.659000e+001
147  2.188000e+001
151  1.005000e+001
   55 
56  9.233000e+000
64  2.275000e+001
68  1.027000e+001
72  2.762000e+001
83  1.788000e+001
88  1.781000e+001
98  2.782000e+001
106  2.177000e+001
109  2.685000e+001
115  1.182000e+001
125  1.322000e+001
130  1.386000e+001
132  3.286000e+001
134  2.179000e+001
139  1.169000e+001
144  2.580000e+001
147  2.213000e+001
151  1.187000e+001
   56 
56  8.120000e+000
64  2.203000e+001
68  8.998000e+000
72  2.530000e+001
83  1.728000e+001
88  1.753000e+001
98  2.479000e+001
106  1.902000e+001
109  2.533000e+001
115  1.033000e+001
125  1.232000e+001
130  1.247000e+001
132  2.679000e+001
134  2.049000e+001
139  1.020000e+001
144  2.425000e+001
147  2.026000e+001
151  1.037000e+001
   57 
56  8.830000e+000
64  2.673000e+001
68  1.010000e+001
72  2.782000e+001
83  1.978000e+001
88  2.334000e+001
98  2.707000e+001
106  1.847000e+001
109  3.136000e+001
115  1.238000e+001
125  1.803000e+001
130  1.288000e+001
132  3.127000e+001
134  2.584000e+001
139  1.243000e+001
144  2.920000e+001
147  2.447000e+001
151  1.286000e+001
   58 
56  1.616000e+001
64  3.939000e+001
68  1.802000e+001
72  5.454000e+001
83  2.933000e+001
88  2.997000e+001
98  5.241000e+001
106  3.700000e+001
109  5.276000e+001
115  2.092000e+001
125  2.292000e+001
130  2.357000e+001
132  6.639000e+001
134  4.312000e+001
139  2.069000e+001
144  4.633000e+001
147  3.932000e+001
151  2.107000e+001
   59 
56  6.619000e+000
64  1.927000e+001
68  7.561000e+000
72  2.294000e+001
83  1.357000e+001
88  1.497000e+001
98  2.311000e+001
106  1.768000e+001
109  2.254000e+001
115  8.886000e+000
125  9.935000e+000
130  1.119000e+001
132  2.599000e+001
134  1.842000e+001
139  8.934000e+000
144  2.146000e+001
147  1.885000e+001
151  8.889000e+000
   60 
56  9.049000e+000
64  2.254000e+001
68  1.008000e+001
72  2.728000e+001
83  1.728000e+001
88  1.757000e+001
98  2.764000e+001
106  2.178000e+001
109  2.677000e+001
115  1.166000e+001
125  1.296000e+001
130  1.357000e+001
132  3.280000e+001
134  2.147000e+001
139  1.154000e+001
144  2.545000e+001
147  2.185000e+001
151  1.170000e+001
   61 
56  1.048000e+001
64  2.792000e+001
68  1.150000e+001
72  2.846000e+001
83  2.069000e+001
88  2.475000e+001
98  2.818000e+001
106  1.937000e+001
109  3.257000e+001
115  1.347000e+001
125  1.917000e+001
130  1.371000e+001
132  3.202000e+001
134  2.671000e+001
139  1.363000e+001
144  3.029000e+001
147  2.570000e+001
151  1.402000e+001
   62 
56  2.004000e+001
64  5.359000e+001
68  2.245000e+001
72  7.192000e+001
83  4.147000e+001
88  4.355000e+001
98  6.803000e+001
106  5.041000e+001
109  7.042000e+001
115  2.583000e+001
125  2.921000e+001
130  3.136000e+001
132  9.041000e+001
134  5.536000e+001
139  2.563000e+001
144  6.998000e+001
147  5.358000e+001
151  2.604000e+001
   63 
56  1.238000e+001
64  3.383000e+001
68  1.385000e+001
72  4.438000e+001
83  2.619000e+001
88  2.752000e+001
98  4.158000e+001
106  3.091000e+001
109  4.105000e+001
115  1.599000e+001
125  1.845000e+001
130  1.953000e+001
132  4.994000e+001
134  3.425000e+001
139  1.581000e+001
144  3.878000e+001
147  3.358000e+001
151  1.604000e+001
   64 
56  2.352000e+001
64  7.474000e+001
68  2.938000e+001
72  9.801000e+001
83  5.755000e+001
88  5.979000e+001
98  9.256000e+001
106  6.835000e+001
109  9.494000e+001
115  3.377000e+001
125  4.092000e+001
130  4.339000e+001
132  1.275000e+002
134  7.633000e+001
139  3.248000e+001
144  9.595000e+001
147  7.391000e+001
151  3.356000e+001
   65 
56  1.080000e+001
64  3.468000e+001
68  1.289000e+001
72  4.253000e+001
83  2.512000e+001
88  2.856000e+001
98  3.895000e+001
106  2.791000e+001
109  4.252000e+001
115  1.522000e+001
125  2.108000e+001
130  1.814000e+001
132  4.948000e+001
134  3.379000e+001
139  1.514000e+001
144  3.970000e+001
147  3.233000e+001
151  1.517000e+001
   66 
56  7.246000e+000
64  2.140000e+001
68  8.109000e+000
72  2.535000e+001
83  1.623000e+001
88  1.702000e+001
98  2.506000e+001
106  1.922000e+001
109  2.509000e+001
115  9.567000e+000
125  1.105000e+001
130  1.237000e+001
132  2.710000e+001
134  1.997000e+001
139  9.520000e+000
144  2.402000e+001
147  2.102000e+001
151  9.513000e+000
   67 
56  8.173000e+000
64  2.352000e+001
68  9.454000e+000
72  2.969000e+001
83  1.736000e+001
88  1.831000e+001
98  2.922000e+001
106  2.289000e+001
109  2.839000e+001
115  1.108000e+001
125  1.240000e+001
130  1.397000e+001
132  3.679000e+001
134  2.502000e+001
139  1.111000e+001
144  2.726000e+001
147  2.360000e+001
151  1.105000e+001
   68 
56  3.283000e+001
64  7.528000e+001
68  3.592000e+001
72  1.039000e+002
83  5.708000e+001
88  5.861000e+001
98  1.010000e+002
106  7.078000e+001
109  1.005000e+002
115  4.061000e+001
125  4.458000e+001
130  4.493000e+001
132  1.397000e+002
134  8.253000e+001
139  4.051000e+001
144  9.727000e+001
147  7.615000e+001
151  4.109000e+001
   69 
56  1.094000e+001
64  2.472000e+001
68  1.177000e+001
72  2.978000e+001
83  1.940000e+001
88  1.972000e+001
98  3.035000e+001
106  2.358000e+001
109  2.929000e+001
115  1.330000e+001
125  1.470000e+001
130  1.502000e+001
132  3.514000e+001
134  2.474000e+001
139  1.336000e+001
144  2.827000e+001
147  2.414000e+001
151  1.358000e+001
   70 
56  5.484000e+001
64  1.529000e+002
68  6.282000e+001
72  2.065000e+002
83  1.190000e+002
88  1.249000e+002
98  1.957000e+002
106  1.444000e+002
109  1.983000e+002
115  7.226000e+001
125  8.260000e+001
130  8.891000e+001
132  2.620000e+002
134  1.584000e+002
139  7.180000e+001
144  1.969000e+002
147  1.539000e+002
151  7.276000e+001
   71 
56  8.459000e+000
64  2.002000e+001
68  9.206000e+000
72  2.509000e+001
83  1.689000e+001
88  1.632000e+001
98  2.514000e+001
106  1.954000e+001
109  2.394000e+001
115  1.051000e+001
125  1.193000e+001
130  1.257000e+001
132  2.583000e+001
134  1.951000e+001
139  1.042000e+001
144  2.331000e+001
147  1.932000e+001
151  1.059000e+001
   72 
56  1.495000e+001
64  3.824000e+001
68  1.653000e+001
72  5.176000e+001
83  2.994000e+001
88  3.037000e+001
98  4.876000e+001
106  3.556000e+001
109  4.765000e+001
115  1.913000e+001
125  2.193000e+001
130  2.281000e+001
132  6.185000e+001
134  4.063000e+001
139  1.903000e+001
144  4.572000e+001
147  3.817000e+001
151  1.930000e+001
   73 
56  1.711000e+001
64  4.411000e+001
68  1.916000e+001
72  6.222000e+001
83  3.418000e+001
88  3.439000e+001
98  5.958000e+001
106  4.300000e+001
109  5.953000e+001
115  2.241000e+001
125  2.489000e+001
130  2.693000e+001
132  7.777000e+001
134  4.808000e+001
139  2.231000e+001
144  5.856000e+001
147  4.516000e+001
151  2.248000e+001
   74 
56  8.922000e+000
64  2.404000e+001
68  9.941000e+000
72  2.830000e+001
83  1.834000e+001
88  1.945000e+001
98  2.840000e+001
106  2.197000e+001
109  2.749000e+001
115  1.138000e+001
125  1.288000e+001
130  1.375000e+001
132  3.046000e+001
134  2.234000e+001
139  1.128000e+001
144  2.669000e+001
147  2.374000e+001
151  1.143000e+001
   75 
56  5.781000e+001
64  1.508000e+002
68  6.426000e+001
72  2.121000e+002
83  1.237000e+002
88  1.217000e+002
98  2.039000e+002
106  1.498000e+002
109  2.000000e+002
115  7.465000e+001
125  8.544000e+001
130  9.205000e+001
132  2.706000e+002
134  1.610000e+002
139  7.404000e+001
144  1.953000e+002
147  1.581000e+002
151  7.541000e+001
   76 
56  7.890000e+000
64  2.060000e+001
68  8.876000e+000
72  2.530000e+001
83  1.557000e+001
88  1.540000e+001
98  2.533000e+001
106  1.964000e+001
109  2.480000e+001
115  1.025000e+001
125  1.153000e+001
130  1.233000e+001
132  3.056000e+001
134  1.975000e+001
139  1.023000e+001
144  2.348000e+001
147  1.978000e+001
151  1.028000e+001
   77 
56  1.966000e+001
64  6.175000e+001
68  2.353000e+001
72  8.796000e+001
83  4.740000e+001
88  4.736000e+001
98  8.216000e+001
106  6.197000e+001
109  8.343000e+001
115  2.778000e+001
125  3.209000e+001
130  3.812000e+001
132  1.178000e+002
134  6.559000e+001
139  2.797000e+001
144  8.262000e+001
147  6.270000e+001
151  2.719000e+001
   78 
56  1.193000e+001
64  3.477000e+001
68  1.348000e+001
72  4.676000e+001
83  2.615000e+001
88  2.789000e+001
98  4.326000e+001
106  3.243000e+001
109  4.452000e+001
115  1.588000e+001
125  1.815000e+001
130  2.002000e+001
132  5.225000e+001
134  3.533000e+001
139  1.575000e+001
144  4.176000e+001
147  3.447000e+001
151  1.581000e+001
   79 
56  1.334000e+001
64  3.469000e+001
68  1.477000e+001
72  3.500000e+001
83  2.383000e+001
88  3.274000e+001
98  3.491000e+001
106  2.072000e+001
109  4.167000e+001
115  1.774000e+001
125  2.662000e+001
130  1.608000e+001
132  3.811000e+001
134  3.271000e+001
139  1.800000e+001
144  3.450000e+001
147  3.085000e+001
151  1.970000e+001
   80 
56  7.755000e+000
64  2.014000e+001
68  8.491000e+000
72  2.436000e+001
83  1.523000e+001
88  1.592000e+001
98  2.439000e+001
106  1.956000e+001
109  2.387000e+001
115  9.981000e+000
125  1.127000e+001
130  1.210000e+001
132  2.932000e+001
134  1.923000e+001
139  9.981000e+000
144  2.303000e+001
147  1.955000e+001
151  1.010000e+001
   81 
56  1.233000e+001
64  3.147000e+001
68  1.372000e+001
72  4.170000e+001
83  2.481000e+001
88  2.501000e+001
98  3.961000e+001
106  3.014000e+001
109  3.824000e+001
115  1.576000e+001
125  1.797000e+001
130  1.893000e+001
132  4.843000e+001
134  3.332000e+001
139  1.560000e+001
144  3.565000e+001
147  3.204000e+001
151  1.585000e+001
   82 
56  3.298000e+001
64  9.003000e+001
68  3.721000e+001
72  1.277000e+002
83  6.986000e+001
88  6.751000e+001
98  1.202000e+002
106  8.717000e+001
109  1.208000e+002
115  4.455000e+001
125  5.045000e+001
130  5.445000e+001
132  1.734000e+002
134  9.905000e+001
139  4.402000e+001
144  1.195000e+002
147  9.099000e+001
151  4.392000e+001
   83 
56  7.153000e+000
64  2.045000e+001
68  8.026000e+000
72  2.522000e+001
83  1.530000e+001
88  1.592000e+001
98  2.529000e+001
106  1.923000e+001
109  2.409000e+001
115  9.433000e+000
125  1.062000e+001
130  1.210000e+001
132  2.895000e+001
134  1.983000e+001
139  9.439000e+000
144  2.312000e+001
147  2.061000e+001
151  9.402000e+000
   84 
56  1.824000e+001
64  4.325000e+001
68  2.183000e+001
72  4.655000e+001
83  2.770000e+001
88  3.691000e+001
98  4.819000e+001
106  3.117000e+001
109  5.254000e+001
115  2.575000e+001
125  3.136000e+001
130  2.215000e+001
132  5.545000e+001
134  4.389000e+001
139  2.608000e+001
144  4.493000e+001
147  4.000000e+001
151  2.778000e+001
   85 
56  9.553000e+000
64  2.875000e+001
68  1.071000e+001
72  3.586000e+001
83  2.147000e+001
88  2.348000e+001
98  3.234000e+001
106  2.508000e+001
109  3.409000e+001
115  1.257000e+001
125  1.545000e+001
130  1.589000e+001
132  4.103000e+001
134  2.850000e+001
139  1.254000e+001
144  3.227000e+001
147  2.762000e+001
151  1.256000e+001
   86 
56  8.024000e+000
64  1.910000e+001
68  9.025000e+000
72  2.417000e+001
83  1.487000e+001
88  1.504000e+001
98  2.372000e+001
106  1.815000e+001
109  2.380000e+001
115  1.044000e+001
125  1.137000e+001
130  1.196000e+001
132  2.853000e+001
134  1.904000e+001
139  1.040000e+001
144  2.239000e+001
147  1.905000e+001
151  1.045000e+001
   87 
56  9.272000e+000
64  1.970000e+001
68  9.876000e+000
72  2.432000e+001
83  1.583000e+001
88  1.626000e+001
98  2.438000e+001
106  1.848000e+001
109  2.359000e+001
115  1.124000e+001
125  1.249000e+001
130  1.228000e+001
132  2.690000e+001
134  1.955000e+001
139  1.124000e+001
144  2.297000e+001
147  1.865000e+001
151  1.144000e+001
   88 
56  1.373000e+001
64  3.803000e+001
68  1.587000e+001
72  5.401000e+001
83  2.853000e+001
88  2.844000e+001
98  5.122000e+001
106  3.687000e+001
109  5.168000e+001
115  1.876000e+001
125  2.100000e+001
130  2.291000e+001
132  6.582000e+001
134  4.135000e+001
139  1.871000e+001
144  4.553000e+001
147  3.821000e+001
151  1.856000e+001
   89 
56  8.229000e+000
64  2.916000e+001
68  9.446000e+000
72  3.165000e+001
83  2.042000e+001
88  2.522000e+001
98  2.839000e+001
106  1.915000e+001
109  3.302000e+001
115  1.121000e+001
125  1.772000e+001
130  1.350000e+001
132  3.370000e+001
134  2.392000e+001
139  1.120000e+001
144  3.061000e+001
147  2.505000e+001
151  1.120000e+001
   90 
56  5.019000e+001
64  1.425000e+002
68  6.093000e+001
72  1.897000e+002
83  1.077000e+002
88  1.100000e+002
98  1.835000e+002
106  1.297000e+002
109  1.830000e+002
115  7.014000e+001
125  8.225000e+001
130  8.341000e+001
132  2.491000e+002
134  1.515000e+002
139  6.829000e+001
144  1.809000e+002
147  1.413000e+002
151  7.127000e+001
   91 
56  1.836000e+001
64  6.773000e+001
68  2.414000e+001
72  9.004000e+001
83  5.247000e+001
88  5.289000e+001
98  8.472000e+001
106  6.109000e+001
109  8.635000e+001
115  2.911000e+001
125  3.695000e+001
130  3.938000e+001
132  1.163000e+002
134  6.995000e+001
139  2.744000e+001
144  8.630000e+001
147  6.664000e+001
151  2.896000e+001
   92 
56  5.241000e+001
64  1.392000e+002
68  5.831000e+001
72  1.971000e+002
83  1.076000e+002
88  1.069000e+002
98  1.887000e+002
106  1.358000e+002
109  1.880000e+002
115  6.881000e+001
125  7.807000e+001
130  8.318000e+001
132  2.581000e+002
134  1.507000e+002
139  6.845000e+001
144  1.805000e+002
147  1.428000e+002
151  6.874000e+001
   93 
56  1.259000e+001
64  3.224000e+001
68  1.403000e+001
72  4.185000e+001
83  2.433000e+001
88  2.484000e+001
98  3.927000e+001
106  2.869000e+001
109  3.929000e+001
115  1.551000e+001
125  1.802000e+001
130  1.794000e+001
132  4.847000e+001
134  3.383000e+001
139  1.552000e+001
144  3.663000e+001
147  3.138000e+001
151  1.572000e+001
   94 
56  3.891000e+001
64  9.753000e+001
68  4.300000e+001
72  1.248000e+002
83  7.774000e+001
88  8.148000e+001
98  1.203000e+002
106  8.299000e+001
109  1.208000e+002
115  4.951000e+001
125  6.188000e+001
130  5.412000e+001
132  1.645000e+002
134  1.017000e+002
139  4.936000e+001
144  1.229000e+002
147  9.556000e+001
151  5.043000e+001
   95 
56  8.837000e+000
64  1.895000e+001
68  9.492000e+000
72  2.243000e+001
83  1.535000e+001
88  1.533000e+001
98  2.362000e+001
106  1.834000e+001
109  2.269000e+001
115  1.072000e+001
125  1.188000e+001
130  1.193000e+001
132  2.555000e+001
134  1.868000e+001
139  1.073000e+001
144  2.090000e+001
147  1.819000e+001
151  1.092000e+001
   96 
56  1.316000e+001
64  3.376000e+001
68  1.435000e+001
72  4.543000e+001
83  2.682000e+001
88  2.785000e+001
98  4.270000e+001
106  3.185000e+001
109  4.141000e+001
115  1.641000e+001
125  1.865000e+001
130  2.005000e+001
132  5.034000e+001
134  3.472000e+001
139  1.628000e+001
144  3.912000e+001
147  3.434000e+001
151  1.657000e+001
   97 
56  7.911000e+000
64  2.489000e+001
68  8.958000e+000
72  2.716000e+001
83  1.843000e+001
88  2.046000e+001
98  2.643000e+001
106  2.004000e+001
109  2.825000e+001
115  1.053000e+001
125  1.379000e+001
130  1.302000e+001
132  3.000000e+001
134  2.307000e+001
139  1.045000e+001
144  2.738000e+001
147  2.305000e+001
151  1.051000e+001
   98 
56  1.004000e+001
64  2.682000e+001
68  1.183000e+001
72  2.469000e+001
83  1.782000e+001
88  2.308000e+001
98  2.628000e+001
106  1.636000e+001
109  3.172000e+001
115  1.461000e+001
125  1.974000e+001
130  1.253000e+001
132  2.787000e+001
134  2.592000e+001
139  1.464000e+001
144  2.731000e+001
147  2.420000e+001
151  1.588000e+001
   99 
56  2.081000e+001
64  5.886000e+001
68  2.366000e+001
72  7.041000e+001
83  4.185000e+001
88  4.953000e+001
98  6.677000e+001
106  4.583000e+001
109  7.127000e+001
115  2.787000e+001
125  3.756000e+001
130  2.994000e+001
132  9.256000e+001
134  5.821000e+001
139  2.808000e+001
144  7.267000e+001
147  5.357000e+001
151  2.850000e+001
   100 
56  1.356000e+001
64  3.111000e+001
68  1.437000e+001
72  3.753000e+001
83  2.538000e+001
88  2.623000e+001
98  3.780000e+001
106  2.855000e+001
109  3.721000e+001
115  1.625000e+001
125  1.910000e+001
130  1.832000e+001
132  4.466000e+001
134  3.310000e+001
139  1.624000e+001
144  3.623000e+001
147  3.128000e+001
151  1.658000e+001
