   1 
3  5.101000e+001
4  4.169000e+001
8  1.974000e+001
12  4.519000e+001
22  3.157000e+001
24  6.495000e+001
33  2.567000e+001
53  2.670000e+001
56  2.262000e+001
63  8.515000e+001
68  2.416000e+001
72  7.844000e+001
83  4.706000e+001
86  4.298000e+001
89  2.741000e+001
98  7.452000e+001
106  5.356000e+001
109  8.077000e+001
115  2.912000e+001
120  6.075000e+001
125  3.454000e+001
130  3.408000e+001
132  9.804000e+001
134  6.075000e+001
140  2.741000e+001
144  7.388000e+001
147  5.990000e+001
151  2.919000e+001
156  4.479000e+001
   2 
3  5.195000e+001
4  4.265000e+001
8  1.979000e+001
12  4.243000e+001
22  3.130000e+001
24  6.540000e+001
33  2.640000e+001
53  2.653000e+001
56  2.259000e+001
63  8.654000e+001
68  2.479000e+001
72  7.908000e+001
83  4.614000e+001
86  4.228000e+001
89  2.747000e+001
98  7.461000e+001
106  5.272000e+001
109  8.388000e+001
115  2.985000e+001
120  6.305000e+001
125  3.578000e+001
130  3.363000e+001
132  1.059000e+002
134  6.151000e+001
140  2.818000e+001
144  7.534000e+001
147  6.042000e+001
151  2.987000e+001
156  4.431000e+001
   3 
3  3.425000e+001
4  2.786000e+001
8  1.429000e+001
12  3.231000e+001
22  2.283000e+001
24  4.509000e+001
33  1.879000e+001
53  1.900000e+001
56  1.613000e+001
63  6.213000e+001
68  1.756000e+001
72  5.625000e+001
83  3.189000e+001
86  2.966000e+001
89  1.927000e+001
98  5.451000e+001
106  3.906000e+001
109  5.645000e+001
115  2.120000e+001
120  3.844000e+001
125  2.426000e+001
130  2.426000e+001
132  6.820000e+001
134  4.423000e+001
140  1.998000e+001
144  4.877000e+001
147  4.197000e+001
151  2.116000e+001
156  3.066000e+001
   4 
3  4.737000e+001
4  3.743000e+001
8  1.808000e+001
12  4.524000e+001
22  3.036000e+001
24  6.460000e+001
33  2.505000e+001
53  2.215000e+001
56  1.942000e+001
63  9.049000e+001
68  2.231000e+001
72  8.150000e+001
83  4.151000e+001
86  3.674000e+001
89  2.147000e+001
98  7.697000e+001
106  5.518000e+001
109  8.203000e+001
115  2.716000e+001
120  5.530000e+001
125  3.140000e+001
130  3.324000e+001
132  1.133000e+002
134  6.277000e+001
140  2.616000e+001
144  7.257000e+001
147  5.779000e+001
151  2.697000e+001
156  4.082000e+001
   5 
3  8.718000e+001
4  6.957000e+001
8  3.184000e+001
12  8.217000e+001
22  4.531000e+001
24  1.053000e+002
33  3.454000e+001
53  3.687000e+001
56  3.303000e+001
63  1.544000e+002
68  2.883000e+001
72  1.339000e+002
83  7.615000e+001
86  6.905000e+001
89  4.422000e+001
98  1.301000e+002
106  8.867000e+001
109  1.415000e+002
115  3.770000e+001
120  9.155000e+001
125  5.889000e+001
130  5.027000e+001
132  1.927000e+002
134  1.098000e+002
140  3.735000e+001
144  1.250000e+002
147  9.878000e+001
151  4.039000e+001
156  7.547000e+001
   6 
3  3.359000e+001
4  2.732000e+001
8  1.322000e+001
12  3.174000e+001
22  2.172000e+001
24  4.555000e+001
33  1.819000e+001
53  1.701000e+001
56  1.443000e+001
63  6.303000e+001
68  1.633000e+001
72  5.677000e+001
83  2.964000e+001
86  2.673000e+001
89  1.689000e+001
98  5.386000e+001
106  3.910000e+001
109  5.804000e+001
115  2.010000e+001
120  4.051000e+001
125  2.293000e+001
130  2.360000e+001
132  6.939000e+001
134  4.466000e+001
140  1.917000e+001
144  4.961000e+001
147  4.126000e+001
151  2.005000e+001
156  2.902000e+001
   7 
3  3.904000e+001
4  3.224000e+001
8  1.443000e+001
12  3.502000e+001
22  2.444000e+001
24  5.095000e+001
33  2.023000e+001
53  1.873000e+001
56  1.568000e+001
63  7.038000e+001
68  1.808000e+001
72  6.399000e+001
83  3.455000e+001
86  3.095000e+001
89  1.868000e+001
98  5.959000e+001
106  4.383000e+001
109  6.576000e+001
115  2.225000e+001
120  4.736000e+001
125  2.646000e+001
130  2.654000e+001
132  8.019000e+001
134  5.055000e+001
140  2.125000e+001
144  5.967000e+001
147  4.721000e+001
151  2.219000e+001
156  3.408000e+001
   8 
3  3.853000e+001
4  3.203000e+001
8  1.374000e+001
12  3.507000e+001
22  2.355000e+001
24  4.888000e+001
33  1.932000e+001
53  1.768000e+001
56  1.486000e+001
63  6.757000e+001
68  1.724000e+001
72  6.158000e+001
83  3.425000e+001
86  3.102000e+001
89  1.844000e+001
98  5.677000e+001
106  4.143000e+001
109  6.331000e+001
115  2.114000e+001
120  4.557000e+001
125  2.666000e+001
130  2.540000e+001
132  7.647000e+001
134  4.874000e+001
140  2.010000e+001
144  5.595000e+001
147  4.523000e+001
151  2.096000e+001
156  3.416000e+001
   9 
3  5.394000e+001
4  4.596000e+001
8  2.186000e+001
12  4.865000e+001
22  3.518000e+001
24  6.621000e+001
33  2.983000e+001
53  2.867000e+001
56  2.406000e+001
63  9.591000e+001
68  2.731000e+001
72  8.794000e+001
83  4.892000e+001
86  4.641000e+001
89  3.031000e+001
98  8.425000e+001
106  5.573000e+001
109  9.013000e+001
115  3.340000e+001
120  5.939000e+001
125  3.870000e+001
130  3.624000e+001
132  1.200000e+002
134  7.040000e+001
140  3.140000e+001
144  8.121000e+001
147  6.364000e+001
151  3.327000e+001
156  5.055000e+001
   10 
3  3.287000e+001
4  2.735000e+001
8  1.169000e+001
12  2.895000e+001
22  1.950000e+001
24  4.200000e+001
33  1.592000e+001
53  1.520000e+001
56  1.256000e+001
63  5.576000e+001
68  1.432000e+001
72  5.123000e+001
83  2.921000e+001
86  2.563000e+001
89  1.565000e+001
98  4.725000e+001
106  3.450000e+001
109  4.981000e+001
115  1.769000e+001
120  4.011000e+001
125  2.173000e+001
130  2.172000e+001
132  6.246000e+001
134  3.964000e+001
140  1.666000e+001
144  4.651000e+001
147  3.816000e+001
151  1.757000e+001
156  2.875000e+001
   11 
3  8.564000e+001
4  7.234000e+001
8  3.034000e+001
12  7.327000e+001
22  5.178000e+001
24  1.023000e+002
33  4.296000e+001
53  4.163000e+001
56  3.472000e+001
63  1.431000e+002
68  3.888000e+001
72  1.314000e+002
83  7.470000e+001
86  6.748000e+001
89  4.308000e+001
98  1.253000e+002
106  8.908000e+001
109  1.366000e+002
115  4.773000e+001
120  1.004000e+002
125  5.848000e+001
130  5.670000e+001
132  1.806000e+002
134  1.048000e+002
140  4.545000e+001
144  1.248000e+002
147  9.734000e+001
151  4.837000e+001
156  7.362000e+001
   12 
3  8.263000e+001
4  6.671000e+001
8  2.909000e+001
12  6.349000e+001
22  4.552000e+001
24  9.340000e+001
33  3.785000e+001
53  3.986000e+001
56  3.323000e+001
63  1.216000e+002
68  3.573000e+001
72  1.117000e+002
83  7.103000e+001
86  6.695000e+001
89  4.450000e+001
98  1.061000e+002
106  7.166000e+001
109  1.223000e+002
115  4.295000e+001
120  9.388000e+001
125  5.899000e+001
130  4.825000e+001
132  1.471000e+002
134  8.620000e+001
140  4.058000e+001
144  1.101000e+002
147  8.657000e+001
151  4.346000e+001
156  6.811000e+001
   13 
3  4.256000e+001
4  3.447000e+001
8  1.705000e+001
12  4.059000e+001
22  2.791000e+001
24  5.672000e+001
33  2.335000e+001
53  2.235000e+001
56  1.885000e+001
63  7.943000e+001
68  2.126000e+001
72  7.178000e+001
83  3.805000e+001
86  3.480000e+001
89  2.260000e+001
98  6.934000e+001
106  4.875000e+001
109  7.281000e+001
115  2.621000e+001
120  4.959000e+001
125  2.967000e+001
130  2.989000e+001
132  9.272000e+001
134  5.671000e+001
140  2.467000e+001
144  6.472000e+001
147  5.248000e+001
151  2.608000e+001
156  3.752000e+001
   14 
3  8.448000e+001
4  6.771000e+001
8  3.718000e+001
12  8.032000e+001
22  5.853000e+001
24  1.058000e+002
33  4.898000e+001
53  4.924000e+001
56  4.229000e+001
63  1.544000e+002
68  4.599000e+001
72  1.396000e+002
83  7.872000e+001
86  7.573000e+001
89  5.040000e+001
98  1.387000e+002
106  9.273000e+001
109  1.394000e+002
115  5.560000e+001
120  8.673000e+001
125  6.251000e+001
130  6.015000e+001
132  1.963000e+002
134  1.121000e+002
140  5.234000e+001
144  1.249000e+002
147  1.023000e+002
151  5.574000e+001
156  7.797000e+001
   15 
3  6.188000e+001
4  5.068000e+001
8  2.602000e+001
12  5.627000e+001
22  4.130000e+001
24  8.008000e+001
33  3.464000e+001
53  3.510000e+001
56  2.982000e+001
63  1.105000e+002
68  3.252000e+001
72  1.009000e+002
83  5.719000e+001
86  5.458000e+001
89  3.615000e+001
98  9.768000e+001
106  6.921000e+001
109  1.018000e+002
115  3.920000e+001
120  6.907000e+001
125  4.440000e+001
130  4.364000e+001
132  1.388000e+002
134  8.035000e+001
140  3.709000e+001
144  9.170000e+001
147  7.595000e+001
151  3.962000e+001
156  5.496000e+001
   16 
3  4.539000e+001
4  3.685000e+001
8  1.946000e+001
12  4.364000e+001
22  3.073000e+001
24  5.860000e+001
33  2.566000e+001
53  2.610000e+001
56  2.204000e+001
63  8.287000e+001
68  2.415000e+001
72  7.494000e+001
83  4.210000e+001
86  4.008000e+001
89  2.672000e+001
98  7.345000e+001
106  5.063000e+001
109  7.518000e+001
115  2.912000e+001
120  4.968000e+001
125  3.312000e+001
130  3.226000e+001
132  9.661000e+001
134  5.983000e+001
140  2.733000e+001
144  6.754000e+001
147  5.563000e+001
151  2.916000e+001
156  4.124000e+001
   17 
3  6.589000e+001
4  5.283000e+001
8  2.440000e+001
12  6.058000e+001
22  4.163000e+001
24  8.808000e+001
33  3.463000e+001
53  3.278000e+001
56  2.803000e+001
63  1.214000e+002
68  3.127000e+001
72  1.106000e+002
83  5.829000e+001
86  5.258000e+001
89  3.241000e+001
98  1.058000e+002
106  7.527000e+001
109  1.121000e+002
115  3.840000e+001
120  7.685000e+001
125  4.387000e+001
130  4.547000e+001
132  1.519000e+002
134  8.546000e+001
140  3.675000e+001
144  9.990000e+001
147  7.966000e+001
151  3.840000e+001
156  5.641000e+001
   18 
3  4.627000e+001
4  4.563000e+001
8  3.547000e+001
12  3.368000e+001
22  3.742000e+001
24  3.938000e+001
33  4.034000e+001
53  3.853000e+001
56  3.076000e+001
63  5.164000e+001
68  3.852000e+001
72  5.121000e+001
83  3.386000e+001
86  3.829000e+001
89  4.124000e+001
98  5.253000e+001
106  3.705000e+001
109  6.630000e+001
115  4.370000e+001
120  4.117000e+001
125  4.611000e+001
130  3.764000e+001
132  7.188000e+001
134  5.432000e+001
140  4.033000e+001
144  5.069000e+001
147  4.769000e+001
151  4.318000e+001
156  3.639000e+001
   19 
3  5.462000e+001
4  4.409000e+001
8  2.235000e+001
12  5.297000e+001
22  3.723000e+001
24  7.291000e+001
33  3.161000e+001
53  2.905000e+001
56  2.479000e+001
63  1.054000e+002
68  2.814000e+001
72  9.489000e+001
83  4.840000e+001
86  4.477000e+001
89  2.890000e+001
98  9.197000e+001
106  6.299000e+001
109  9.535000e+001
115  3.472000e+001
120  6.089000e+001
125  3.912000e+001
130  3.900000e+001
132  1.353000e+002
134  7.537000e+001
140  3.323000e+001
144  8.355000e+001
147  6.718000e+001
151  3.461000e+001
156  4.850000e+001
   20 
3  7.394000e+001
4  5.954000e+001
8  2.920000e+001
12  7.148000e+001
22  4.822000e+001
24  9.592000e+001
33  3.957000e+001
53  3.776000e+001
56  3.242000e+001
63  1.370000e+002
68  3.615000e+001
72  1.248000e+002
83  6.671000e+001
86  5.984000e+001
89  3.763000e+001
98  1.208000e+002
106  8.419000e+001
109  1.254000e+002
115  4.431000e+001
120  8.387000e+001
125  5.115000e+001
130  5.194000e+001
132  1.730000e+002
134  9.715000e+001
140  4.190000e+001
144  1.112000e+002
147  9.014000e+001
151  4.389000e+001
156  6.616000e+001
   21 
3  3.505000e+001
4  2.816000e+001
8  1.418000e+001
12  3.353000e+001
22  2.370000e+001
24  4.541000e+001
33  1.976000e+001
53  1.752000e+001
56  1.487000e+001
63  6.723000e+001
68  1.755000e+001
72  5.994000e+001
83  3.094000e+001
86  2.809000e+001
89  1.719000e+001
98  5.792000e+001
106  4.047000e+001
109  6.027000e+001
115  2.130000e+001
120  3.831000e+001
125  2.446000e+001
130  2.562000e+001
132  7.970000e+001
134  4.784000e+001
140  2.055000e+001
144  5.106000e+001
147  4.222000e+001
151  2.121000e+001
156  3.169000e+001
   22 
3  5.333000e+001
4  4.483000e+001
8  2.237000e+001
12  4.465000e+001
22  3.194000e+001
24  5.854000e+001
33  2.842000e+001
53  3.100000e+001
56  2.447000e+001
63  8.498000e+001
68  2.696000e+001
72  7.608000e+001
83  4.451000e+001
86  4.740000e+001
89  3.603000e+001
98  7.498000e+001
106  4.704000e+001
109  8.466000e+001
115  3.275000e+001
120  5.753000e+001
125  4.075000e+001
130  3.211000e+001
132  9.780000e+001
134  6.395000e+001
140  3.038000e+001
144  7.472000e+001
147  5.903000e+001
151  3.393000e+001
156  4.583000e+001
   23 
3  4.240000e+001
4  3.465000e+001
8  1.761000e+001
12  4.011000e+001
22  2.799000e+001
24  5.624000e+001
33  2.342000e+001
53  2.319000e+001
56  1.962000e+001
63  7.798000e+001
68  2.174000e+001
72  7.051000e+001
83  3.890000e+001
86  3.590000e+001
89  2.369000e+001
98  6.825000e+001
106  4.819000e+001
109  7.145000e+001
115  2.642000e+001
120  4.917000e+001
125  2.997000e+001
130  2.984000e+001
132  9.043000e+001
134  5.563000e+001
140  2.487000e+001
144  6.399000e+001
147  5.223000e+001
151  2.635000e+001
156  3.733000e+001
   24 
3  3.154000e+001
4  2.555000e+001
8  1.286000e+001
12  3.034000e+001
22  2.077000e+001
24  4.162000e+001
33  1.695000e+001
53  1.685000e+001
56  1.424000e+001
63  5.754000e+001
68  1.574000e+001
72  5.207000e+001
83  2.914000e+001
86  2.675000e+001
89  1.715000e+001
98  4.844000e+001
106  3.592000e+001
109  4.876000e+001
115  1.916000e+001
120  3.587000e+001
125  2.206000e+001
130  2.222000e+001
132  6.334000e+001
134  4.077000e+001
140  1.799000e+001
144  4.489000e+001
147  3.851000e+001
151  1.903000e+001
156  2.810000e+001
   25 
3  3.737000e+001
4  3.044000e+001
8  1.692000e+001
12  3.521000e+001
22  2.648000e+001
24  4.846000e+001
33  2.255000e+001
53  2.252000e+001
56  1.920000e+001
63  7.004000e+001
68  2.112000e+001
72  6.255000e+001
83  3.500000e+001
86  3.417000e+001
89  2.303000e+001
98  6.214000e+001
106  4.277000e+001
109  6.316000e+001
115  2.525000e+001
120  3.933000e+001
125  2.805000e+001
130  2.750000e+001
132  7.919000e+001
134  5.105000e+001
140  2.401000e+001
144  5.372000e+001
147  4.621000e+001
151  2.551000e+001
156  3.437000e+001
   26 
3  3.879000e+001
4  3.153000e+001
8  1.626000e+001
12  3.727000e+001
22  2.659000e+001
24  5.009000e+001
33  2.252000e+001
53  2.098000e+001
56  1.790000e+001
63  7.377000e+001
68  2.013000e+001
72  6.652000e+001
83  3.536000e+001
86  3.248000e+001
89  2.092000e+001
98  6.463000e+001
106  4.482000e+001
109  6.695000e+001
115  2.493000e+001
120  4.262000e+001
125  2.765000e+001
130  2.832000e+001
132  8.698000e+001
134  5.333000e+001
140  2.368000e+001
144  5.733000e+001
147  4.751000e+001
151  2.477000e+001
156  3.643000e+001
   27 
3  3.335000e+001
4  2.840000e+001
8  1.279000e+001
12  2.845000e+001
22  2.051000e+001
24  4.209000e+001
33  1.710000e+001
53  1.692000e+001
56  1.439000e+001
63  5.647000e+001
68  1.598000e+001
72  5.135000e+001
83  3.041000e+001
86  2.800000e+001
89  1.779000e+001
98  4.587000e+001
106  3.470000e+001
109  5.004000e+001
115  1.911000e+001
120  3.962000e+001
125  2.346000e+001
130  2.200000e+001
132  6.201000e+001
134  4.041000e+001
140  1.811000e+001
144  4.693000e+001
147  3.901000e+001
151  1.919000e+001
156  2.867000e+001
   28 
3  4.848000e+001
4  3.932000e+001
8  1.994000e+001
12  4.628000e+001
22  3.199000e+001
24  6.286000e+001
33  2.641000e+001
53  2.659000e+001
56  2.247000e+001
63  8.712000e+001
68  2.454000e+001
72  7.965000e+001
83  4.524000e+001
86  4.197000e+001
89  2.705000e+001
98  7.721000e+001
106  5.433000e+001
109  7.953000e+001
115  2.977000e+001
120  5.437000e+001
125  3.420000e+001
130  3.408000e+001
132  1.051000e+002
134  6.273000e+001
140  2.795000e+001
144  7.240000e+001
147  5.924000e+001
151  2.973000e+001
156  4.369000e+001
   29 
3  9.242000e+001
4  7.404000e+001
8  3.699000e+001
12  8.921000e+001
22  6.174000e+001
24  1.173000e+002
33  4.950000e+001
53  4.926000e+001
56  4.198000e+001
63  1.674000e+002
68  4.584000e+001
72  1.545000e+002
83  8.661000e+001
86  7.982000e+001
89  5.026000e+001
98  1.513000e+002
106  1.033000e+002
109  1.515000e+002
115  5.623000e+001
120  9.650000e+001
125  6.539000e+001
130  6.557000e+001
132  2.145000e+002
134  1.195000e+002
140  5.269000e+001
144  1.371000e+002
147  1.120000e+002
151  5.617000e+001
156  8.489000e+001
   30 
3  3.011000e+001
4  2.457000e+001
8  1.211000e+001
12  2.791000e+001
22  1.995000e+001
24  3.994000e+001
33  1.673000e+001
53  1.603000e+001
56  1.348000e+001
63  5.628000e+001
68  1.516000e+001
72  5.059000e+001
83  2.639000e+001
86  2.466000e+001
89  1.607000e+001
98  4.877000e+001
106  3.456000e+001
109  5.105000e+001
115  1.855000e+001
120  3.422000e+001
125  2.122000e+001
130  2.128000e+001
132  6.221000e+001
134  4.030000e+001
140  1.761000e+001
144  4.323000e+001
147  3.674000e+001
151  1.861000e+001
156  2.597000e+001
   31 
3  3.663000e+001
4  3.077000e+001
8  1.433000e+001
12  3.400000e+001
22  2.345000e+001
24  4.823000e+001
33  1.970000e+001
53  1.837000e+001
56  1.563000e+001
63  6.640000e+001
68  1.788000e+001
72  6.045000e+001
83  3.272000e+001
86  2.958000e+001
89  1.846000e+001
98  5.698000e+001
106  4.167000e+001
109  6.154000e+001
115  2.184000e+001
120  4.355000e+001
125  2.512000e+001
130  2.517000e+001
132  7.606000e+001
134  4.786000e+001
140  2.069000e+001
144  5.399000e+001
147  4.441000e+001
151  2.159000e+001
156  3.281000e+001
   32 
3  5.160000e+001
4  4.153000e+001
8  1.954000e+001
12  4.688000e+001
22  3.222000e+001
24  6.867000e+001
33  2.714000e+001
53  2.478000e+001
56  2.096000e+001
63  9.461000e+001
68  2.426000e+001
72  8.615000e+001
83  4.485000e+001
86  3.950000e+001
89  2.459000e+001
98  8.086000e+001
106  5.880000e+001
109  8.877000e+001
115  2.993000e+001
120  6.262000e+001
125  3.418000e+001
130  3.541000e+001
132  1.184000e+002
134  6.685000e+001
140  2.839000e+001
144  7.903000e+001
147  6.237000e+001
151  2.953000e+001
156  4.428000e+001
   33 
3  3.569000e+001
4  2.839000e+001
8  1.339000e+001
12  3.388000e+001
22  2.274000e+001
24  4.619000e+001
33  1.838000e+001
53  1.678000e+001
56  1.440000e+001
63  6.733000e+001
68  1.660000e+001
72  6.017000e+001
83  3.126000e+001
86  2.870000e+001
89  1.604000e+001
98  5.791000e+001
106  4.088000e+001
109  6.052000e+001
115  2.027000e+001
120  3.966000e+001
125  2.393000e+001
130  2.507000e+001
132  7.624000e+001
134  4.721000e+001
140  1.946000e+001
144  5.206000e+001
147  4.347000e+001
151  2.017000e+001
156  3.186000e+001
   34 
3  7.134000e+001
4  5.776000e+001
8  2.890000e+001
12  6.770000e+001
22  4.805000e+001
24  9.387000e+001
33  4.015000e+001
53  3.894000e+001
56  3.298000e+001
63  1.323000e+002
68  3.691000e+001
72  1.203000e+002
83  6.475000e+001
86  6.078000e+001
89  3.967000e+001
98  1.179000e+002
106  8.128000e+001
109  1.212000e+002
115  4.502000e+001
120  7.872000e+001
125  5.088000e+001
130  5.069000e+001
132  1.678000e+002
134  9.480000e+001
140  4.240000e+001
144  1.074000e+002
147  8.758000e+001
151  4.513000e+001
156  6.255000e+001
   35 
3  8.080000e+001
4  7.427000e+001
8  3.732000e+001
12  4.778000e+001
22  4.075000e+001
24  5.689000e+001
33  4.519000e+001
53  5.249000e+001
56  3.300000e+001
63  8.633000e+001
68  4.810000e+001
72  7.669000e+001
83  4.912000e+001
86  6.356000e+001
89  6.921000e+001
98  8.827000e+001
106  4.398000e+001
109  1.108000e+002
115  5.495000e+001
120  6.808000e+001
125  7.149000e+001
130  4.214000e+001
132  1.026000e+002
134  8.344000e+001
140  4.920000e+001
144  7.871000e+001
147  7.406000e+001
151  5.993000e+001
156  4.780000e+001
   36 
3  5.476000e+001
4  4.516000e+001
8  1.685000e+001
12  3.144000e+001
22  2.152000e+001
24  3.761000e+001
33  2.206000e+001
53  2.513000e+001
56  1.471000e+001
63  5.635000e+001
68  2.361000e+001
72  5.032000e+001
83  3.091000e+001
86  3.884000e+001
89  4.086000e+001
98  5.401000e+001
106  2.336000e+001
109  7.415000e+001
115  2.776000e+001
120  4.618000e+001
125  4.330000e+001
130  2.301000e+001
132  6.274000e+001
134  5.172000e+001
140  2.451000e+001
144  5.187000e+001
147  4.507000e+001
151  3.243000e+001
156  3.012000e+001
   37 
3  1.652000e+002
4  1.328000e+002
8  6.394000e+001
12  1.601000e+002
22  1.055000e+002
24  2.145000e+002
33  8.111000e+001
53  8.211000e+001
56  6.858000e+001
63  3.004000e+002
68  7.466000e+001
72  2.677000e+002
83  1.508000e+002
86  1.350000e+002
89  8.165000e+001
98  2.647000e+002
106  1.890000e+002
109  2.654000e+002
115  9.282000e+001
120  1.772000e+002
125  1.094000e+002
130  1.141000e+002
132  3.444000e+002
134  2.110000e+002
140  9.047000e+001
144  2.342000e+002
147  2.004000e+002
151  9.324000e+001
156  1.462000e+002
   38 
3  3.585000e+001
4  2.891000e+001
8  1.486000e+001
12  3.457000e+001
22  2.398000e+001
24  4.875000e+001
33  2.040000e+001
53  1.900000e+001
56  1.618000e+001
63  6.891000e+001
68  1.849000e+001
72  6.157000e+001
83  3.161000e+001
86  2.892000e+001
89  1.897000e+001
98  5.928000e+001
106  4.164000e+001
109  6.250000e+001
115  2.260000e+001
120  4.213000e+001
125  2.543000e+001
130  2.554000e+001
132  7.838000e+001
134  4.860000e+001
140  2.144000e+001
144  5.232000e+001
147  4.447000e+001
151  2.238000e+001
156  3.161000e+001
   39 
3  4.195000e+001
4  3.582000e+001
8  1.763000e+001
12  3.735000e+001
22  2.728000e+001
24  5.202000e+001
33  2.343000e+001
53  2.317000e+001
56  1.954000e+001
63  7.435000e+001
68  2.179000e+001
72  6.750000e+001
83  3.814000e+001
86  3.734000e+001
89  2.504000e+001
98  6.491000e+001
106  4.427000e+001
109  7.031000e+001
115  2.637000e+001
120  4.728000e+001
125  3.113000e+001
130  2.813000e+001
132  8.237000e+001
134  5.491000e+001
140  2.475000e+001
144  6.138000e+001
147  4.969000e+001
151  2.640000e+001
156  3.901000e+001
   40 
3  7.728000e+001
4  6.373000e+001
8  2.524000e+001
12  6.486000e+001
22  4.258000e+001
24  9.126000e+001
33  3.483000e+001
53  3.206000e+001
56  2.678000e+001
63  1.233000e+002
68  3.112000e+001
72  1.133000e+002
83  6.627000e+001
86  5.860000e+001
89  3.492000e+001
98  1.056000e+002
106  7.387000e+001
109  1.220000e+002
115  3.835000e+001
120  8.992000e+001
125  5.293000e+001
130  4.735000e+001
132  1.551000e+002
134  8.811000e+001
140  3.651000e+001
144  1.094000e+002
147  8.382000e+001
151  3.812000e+001
156  6.585000e+001
   41 
3  7.719000e+001
4  6.084000e+001
8  2.233000e+001
12  6.383000e+001
22  3.951000e+001
24  9.240000e+001
33  3.143000e+001
53  2.641000e+001
56  2.174000e+001
63  1.249000e+002
68  2.640000e+001
72  1.131000e+002
83  6.374000e+001
86  5.393000e+001
89  2.792000e+001
98  1.031000e+002
106  7.364000e+001
109  1.228000e+002
115  3.260000e+001
120  9.120000e+001
125  4.830000e+001
130  4.579000e+001
132  1.541000e+002
134  8.540000e+001
140  3.120000e+001
144  1.077000e+002
147  8.208000e+001
151  3.182000e+001
156  6.270000e+001
   42 
3  4.060000e+001
4  3.495000e+001
8  1.660000e+001
12  3.689000e+001
22  2.709000e+001
24  5.167000e+001
33  2.300000e+001
53  2.096000e+001
56  1.762000e+001
63  7.576000e+001
68  2.084000e+001
72  6.788000e+001
83  3.594000e+001
86  3.423000e+001
89  2.186000e+001
98  6.495000e+001
106  4.549000e+001
109  6.975000e+001
115  2.535000e+001
120  4.571000e+001
125  2.937000e+001
130  2.889000e+001
132  8.804000e+001
134  5.546000e+001
140  2.419000e+001
144  6.313000e+001
147  4.871000e+001
151  2.529000e+001
156  3.830000e+001
   43 
3  6.107000e+001
4  5.152000e+001
8  2.434000e+001
12  5.303000e+001
22  3.940000e+001
24  7.667000e+001
33  3.260000e+001
53  3.315000e+001
56  2.759000e+001
63  1.048000e+002
68  3.045000e+001
72  9.544000e+001
83  5.522000e+001
86  5.193000e+001
89  3.452000e+001
98  9.079000e+001
106  6.589000e+001
109  9.828000e+001
115  3.649000e+001
120  7.067000e+001
125  4.334000e+001
130  4.219000e+001
132  1.305000e+002
134  7.637000e+001
140  3.461000e+001
144  8.901000e+001
147  7.268000e+001
151  3.713000e+001
156  5.374000e+001
   44 
3  1.010000e+002
4  8.282000e+001
8  4.314000e+001
12  9.646000e+001
22  7.227000e+001
24  1.343000e+002
33  6.248000e+001
53  5.922000e+001
56  5.029000e+001
63  1.940000e+002
68  5.710000e+001
72  1.739000e+002
83  9.088000e+001
86  8.892000e+001
89  6.079000e+001
98  1.735000e+002
106  1.164000e+002
109  1.766000e+002
115  6.837000e+001
120  1.088000e+002
125  7.656000e+001
130  7.418000e+001
132  2.446000e+002
134  1.405000e+002
140  6.563000e+001
144  1.549000e+002
147  1.270000e+002
151  6.926000e+001
156  9.119000e+001
   45 
3  4.938000e+001
4  3.930000e+001
8  1.904000e+001
12  4.738000e+001
22  3.192000e+001
24  6.670000e+001
33  2.606000e+001
53  2.289000e+001
56  1.997000e+001
63  9.405000e+001
68  2.333000e+001
72  8.487000e+001
83  4.403000e+001
86  3.841000e+001
89  2.289000e+001
98  8.015000e+001
106  5.729000e+001
109  8.521000e+001
115  2.847000e+001
120  5.719000e+001
125  3.308000e+001
130  3.486000e+001
132  1.187000e+002
134  6.552000e+001
140  2.722000e+001
144  7.537000e+001
147  6.046000e+001
151  2.814000e+001
156  4.285000e+001
   46 
3  4.126000e+001
4  3.320000e+001
8  1.330000e+001
12  3.343000e+001
22  2.243000e+001
24  4.919000e+001
33  1.816000e+001
53  1.726000e+001
56  1.433000e+001
63  6.435000e+001
68  1.627000e+001
72  5.908000e+001
83  3.601000e+001
86  3.139000e+001
89  1.936000e+001
98  5.341000e+001
106  3.690000e+001
109  6.419000e+001
115  2.008000e+001
120  4.945000e+001
125  2.826000e+001
130  2.497000e+001
132  7.246000e+001
134  4.433000e+001
140  1.886000e+001
144  5.673000e+001
147  4.484000e+001
151  1.982000e+001
156  3.472000e+001
   47 
3  3.409000e+001
4  2.823000e+001
8  1.284000e+001
12  2.988000e+001
22  2.063000e+001
24  4.382000e+001
33  1.702000e+001
53  1.682000e+001
56  1.402000e+001
63  5.824000e+001
68  1.577000e+001
72  5.333000e+001
83  3.053000e+001
86  2.733000e+001
89  1.729000e+001
98  4.791000e+001
106  3.617000e+001
109  5.167000e+001
115  1.915000e+001
120  4.122000e+001
125  2.274000e+001
130  2.267000e+001
132  6.437000e+001
134  4.125000e+001
140  1.795000e+001
144  5.022000e+001
147  3.992000e+001
151  1.908000e+001
156  2.934000e+001
   48 
3  3.444000e+001
4  2.953000e+001
8  1.346000e+001
12  3.077000e+001
22  2.151000e+001
24  4.402000e+001
33  1.781000e+001
53  1.797000e+001
56  1.505000e+001
63  5.933000e+001
68  1.666000e+001
72  5.402000e+001
83  3.179000e+001
86  2.918000e+001
89  1.857000e+001
98  4.880000e+001
106  3.680000e+001
109  5.392000e+001
115  2.009000e+001
120  4.105000e+001
125  2.401000e+001
130  2.315000e+001
132  6.516000e+001
134  4.252000e+001
140  1.888000e+001
144  4.898000e+001
147  4.096000e+001
151  2.012000e+001
156  3.065000e+001
   49 
3  5.454000e+001
4  4.492000e+001
8  2.260000e+001
12  4.988000e+001
22  3.639000e+001
24  7.033000e+001
33  3.071000e+001
53  3.013000e+001
56  2.546000e+001
63  9.923000e+001
68  2.859000e+001
72  9.093000e+001
83  5.056000e+001
86  4.748000e+001
89  3.089000e+001
98  8.851000e+001
106  6.123000e+001
109  9.128000e+001
115  3.449000e+001
120  6.099000e+001
125  3.890000e+001
130  3.888000e+001
132  1.248000e+002
134  7.169000e+001
140  3.260000e+001
144  8.278000e+001
147  6.694000e+001
151  3.455000e+001
156  4.923000e+001
   50 
3  2.319000e+002
4  2.178000e+002
8  1.380000e+002
12  1.591000e+002
22  1.473000e+002
24  1.815000e+002
33  1.631000e+002
53  1.805000e+002
56  1.243000e+002
63  2.752000e+002
68  1.595000e+002
72  2.394000e+002
83  1.623000e+002
86  2.050000e+002
89  2.008000e+002
98  2.655000e+002
106  1.564000e+002
109  2.836000e+002
115  1.915000e+002
120  2.129000e+002
125  2.117000e+002
130  1.471000e+002
132  3.006000e+002
134  2.632000e+002
140  1.659000e+002
144  2.459000e+002
147  2.280000e+002
151  1.950000e+002
156  1.570000e+002
   51 
3  1.201000e+002
4  9.801000e+001
8  5.340000e+001
12  1.152000e+002
22  8.619000e+001
24  1.536000e+002
33  7.255000e+001
53  7.446000e+001
56  6.428000e+001
63  2.252000e+002
68  6.872000e+001
72  2.012000e+002
83  1.144000e+002
86  1.124000e+002
89  7.668000e+001
98  2.035000e+002
106  1.346000e+002
109  2.049000e+002
115  8.337000e+001
120  1.221000e+002
125  9.137000e+001
130  8.837000e+001
132  2.754000e+002
134  1.645000e+002
140  7.825000e+001
144  1.780000e+002
147  1.489000e+002
151  8.389000e+001
156  1.141000e+002
   52 
3  4.254000e+001
4  3.438000e+001
8  1.375000e+001
12  3.458000e+001
22  2.280000e+001
24  4.820000e+001
33  1.929000e+001
53  1.785000e+001
56  1.463000e+001
63  6.713000e+001
68  1.744000e+001
72  5.998000e+001
83  3.499000e+001
86  3.377000e+001
89  2.323000e+001
98  5.484000e+001
106  3.666000e+001
109  6.694000e+001
115  2.130000e+001
120  4.746000e+001
125  3.202000e+001
130  2.437000e+001
132  7.344000e+001
134  4.874000e+001
140  2.015000e+001
144  5.587000e+001
147  4.557000e+001
151  2.145000e+001
156  3.409000e+001
   53 
3  3.711000e+001
4  3.659000e+001
8  3.505000e+001
12  3.513000e+001
22  3.555000e+001
24  3.582000e+001
33  3.750000e+001
53  3.569000e+001
56  3.386000e+001
63  3.928000e+001
68  3.129000e+001
72  4.151000e+001
83  3.419000e+001
86  3.528000e+001
89  3.300000e+001
98  4.201000e+001
106  3.269000e+001
109  4.001000e+001
115  3.865000e+001
120  3.874000e+001
125  3.890000e+001
130  3.831000e+001
132  5.459000e+001
134  4.395000e+001
140  3.841000e+001
144  4.315000e+001
147  3.985000e+001
151  3.798000e+001
156  3.786000e+001
   54 
3  4.033000e+001
4  3.070000e+001
8  1.212000e+001
12  2.983000e+001
22  2.006000e+001
24  4.429000e+001
33  1.704000e+001
53  1.560000e+001
56  1.307000e+001
63  5.928000e+001
68  1.534000e+001
72  5.296000e+001
83  3.259000e+001
86  2.946000e+001
89  1.997000e+001
98  4.825000e+001
106  3.083000e+001
109  6.150000e+001
115  1.884000e+001
120  4.619000e+001
125  2.985000e+001
130  2.193000e+001
132  6.477000e+001
134  4.074000e+001
140  1.788000e+001
144  5.232000e+001
147  4.078000e+001
151  1.875000e+001
156  3.036000e+001
   55 
3  3.411000e+001
4  2.800000e+001
8  1.490000e+001
12  3.305000e+001
22  2.348000e+001
24  4.408000e+001
33  1.970000e+001
53  1.960000e+001
56  1.641000e+001
63  6.345000e+001
68  1.830000e+001
72  5.717000e+001
83  3.201000e+001
86  3.031000e+001
89  1.993000e+001
98  5.620000e+001
106  3.879000e+001
109  5.743000e+001
115  2.224000e+001
120  3.615000e+001
125  2.492000e+001
130  2.495000e+001
132  6.965000e+001
134  4.599000e+001
140  2.089000e+001
144  4.861000e+001
147  4.192000e+001
151  2.216000e+001
156  3.179000e+001
   56 
3  3.312000e+001
4  2.824000e+001
8  1.302000e+001
12  2.941000e+001
22  2.080000e+001
24  4.232000e+001
33  1.724000e+001
53  1.713000e+001
56  1.443000e+001
63  5.760000e+001
68  1.602000e+001
72  5.253000e+001
83  3.058000e+001
86  2.783000e+001
89  1.767000e+001
98  4.767000e+001
106  3.596000e+001
109  5.200000e+001
115  1.938000e+001
120  3.877000e+001
125  2.298000e+001
130  2.243000e+001
132  6.328000e+001
134  4.141000e+001
140  1.823000e+001
144  4.717000e+001
147  3.951000e+001
151  1.935000e+001
156  2.947000e+001
   57 
3  4.290000e+001
4  3.514000e+001
8  1.466000e+001
12  3.462000e+001
22  2.283000e+001
24  4.700000e+001
33  1.944000e+001
53  2.025000e+001
56  1.575000e+001
63  6.501000e+001
68  1.809000e+001
72  5.860000e+001
83  3.657000e+001
86  3.610000e+001
89  2.676000e+001
98  5.480000e+001
106  3.467000e+001
109  6.658000e+001
115  2.255000e+001
120  4.684000e+001
125  3.300000e+001
130  2.404000e+001
132  6.738000e+001
134  4.818000e+001
140  2.061000e+001
144  5.563000e+001
147  4.523000e+001
151  2.302000e+001
156  3.445000e+001
   58 
3  5.746000e+001
4  4.643000e+001
8  2.545000e+001
12  5.332000e+001
22  4.077000e+001
24  7.421000e+001
33  3.486000e+001
53  3.401000e+001
56  2.864000e+001
63  1.104000e+002
68  3.205000e+001
72  9.862000e+001
83  5.222000e+001
86  5.073000e+001
89  3.421000e+001
98  9.778000e+001
106  6.483000e+001
109  1.010000e+002
115  3.927000e+001
120  5.953000e+001
125  4.339000e+001
130  4.202000e+001
132  1.412000e+002
134  8.029000e+001
140  3.695000e+001
144  8.789000e+001
147  7.111000e+001
151  3.922000e+001
156  5.351000e+001
   59 
3  2.805000e+001
4  2.302000e+001
8  1.098000e+001
12  2.598000e+001
22  1.824000e+001
24  3.838000e+001
33  1.546000e+001
53  1.419000e+001
56  1.205000e+001
63  5.335000e+001
68  1.384000e+001
72  4.722000e+001
83  2.375000e+001
86  2.148000e+001
89  1.385000e+001
98  4.490000e+001
106  3.292000e+001
109  4.741000e+001
115  1.693000e+001
120  3.466000e+001
125  1.915000e+001
130  1.989000e+001
132  5.882000e+001
134  3.781000e+001
140  1.629000e+001
144  4.180000e+001
147  3.423000e+001
151  1.693000e+001
156  2.382000e+001
   60 
3  3.363000e+001
4  2.736000e+001
8  1.459000e+001
12  3.233000e+001
22  2.316000e+001
24  4.406000e+001
33  1.956000e+001
53  1.907000e+001
56  1.607000e+001
63  6.321000e+001
68  1.804000e+001
72  5.658000e+001
83  3.078000e+001
86  2.915000e+001
89  1.934000e+001
98  5.579000e+001
106  3.862000e+001
109  5.731000e+001
115  2.201000e+001
120  3.608000e+001
125  2.458000e+001
130  2.426000e+001
132  6.956000e+001
134  4.552000e+001
140  2.069000e+001
144  4.804000e+001
147  4.138000e+001
151  2.192000e+001
156  3.074000e+001
   61 
3  4.436000e+001
4  3.651000e+001
8  1.634000e+001
12  3.484000e+001
22  2.450000e+001
24  4.909000e+001
33  2.137000e+001
53  2.254000e+001
56  1.842000e+001
63  6.737000e+001
68  2.029000e+001
72  5.994000e+001
83  3.832000e+001
86  3.833000e+001
89  2.832000e+001
98  5.689000e+001
106  3.626000e+001
109  6.897000e+001
115  2.453000e+001
120  4.883000e+001
125  3.485000e+001
130  2.537000e+001
132  7.171000e+001
134  4.970000e+001
140  2.285000e+001
144  5.774000e+001
147  4.757000e+001
151  2.513000e+001
156  3.614000e+001
   62 
3  8.052000e+001
4  6.648000e+001
8  3.151000e+001
12  7.326000e+001
22  5.045000e+001
24  1.023000e+002
33  4.294000e+001
53  4.158000e+001
56  3.532000e+001
63  1.436000e+002
68  3.948000e+001
72  1.314000e+002
83  7.237000e+001
86  6.647000e+001
89  4.211000e+001
98  1.268000e+002
106  9.017000e+001
109  1.341000e+002
115  4.813000e+001
120  9.482000e+001
125  5.488000e+001
130  5.527000e+001
132  1.800000e+002
134  1.034000e+002
140  4.554000e+001
144  1.216000e+002
147  9.676000e+001
151  4.818000e+001
156  6.936000e+001
   63 
3  5.095000e+001
4  4.200000e+001
8  1.990000e+001
12  4.568000e+001
22  3.193000e+001
24  6.560000e+001
33  2.675000e+001
53  2.604000e+001
56  2.194000e+001
63  8.979000e+001
68  2.471000e+001
72  8.201000e+001
83  4.599000e+001
86  4.167000e+001
89  2.649000e+001
98  7.810000e+001
106  5.608000e+001
109  8.431000e+001
115  3.001000e+001
120  6.044000e+001
125  3.463000e+001
130  3.473000e+001
132  1.119000e+002
134  6.423000e+001
140  2.826000e+001
144  7.622000e+001
147  6.124000e+001
151  2.986000e+001
156  4.478000e+001
   64 
3  1.129000e+002
4  9.707000e+001
8  4.157000e+001
12  1.040000e+002
22  6.846000e+001
24  1.382000e+002
33  5.664000e+001
53  5.111000e+001
56  4.062000e+001
63  1.936000e+002
68  5.232000e+001
72  1.800000e+002
83  1.008000e+002
86  9.479000e+001
89  5.697000e+001
98  1.737000e+002
106  1.214000e+002
109  1.809000e+002
115  6.263000e+001
120  1.266000e+002
125  7.723000e+001
130  7.749000e+001
132  2.447000e+002
134  1.423000e+002
140  5.656000e+001
144  1.670000e+002
147  1.340000e+002
151  6.192000e+001
156  9.743000e+001
   65 
3  5.305000e+001
4  4.459000e+001
8  1.882000e+001
12  4.331000e+001
22  3.104000e+001
24  6.219000e+001
33  2.583000e+001
53  2.345000e+001
56  1.917000e+001
63  8.810000e+001
68  2.342000e+001
72  7.927000e+001
83  4.434000e+001
86  4.269000e+001
89  2.763000e+001
98  7.403000e+001
106  5.085000e+001
109  8.544000e+001
115  2.850000e+001
120  6.104000e+001
125  3.849000e+001
130  3.341000e+001
132  1.085000e+002
134  6.369000e+001
140  2.690000e+001
144  7.573000e+001
147  5.960000e+001
151  2.834000e+001
156  4.568000e+001
   66 
3  3.175000e+001
4  2.627000e+001
8  1.200000e+001
12  2.867000e+001
22  1.994000e+001
24  4.233000e+001
33  1.644000e+001
53  1.535000e+001
56  1.316000e+001
63  5.757000e+001
68  1.475000e+001
72  5.235000e+001
83  2.837000e+001
86  2.520000e+001
89  1.521000e+001
98  4.900000e+001
106  3.618000e+001
109  5.336000e+001
115  1.814000e+001
120  3.853000e+001
125  2.105000e+001
130  2.201000e+001
132  6.438000e+001
134  4.071000e+001
140  1.725000e+001
144  4.644000e+001
147  3.840000e+001
151  1.802000e+001
156  2.746000e+001
   67 
3  3.505000e+001
4  2.818000e+001
8  1.378000e+001
12  3.223000e+001
22  2.280000e+001
24  4.715000e+001
33  1.932000e+001
53  1.744000e+001
56  1.491000e+001
63  6.684000e+001
68  1.727000e+001
72  5.994000e+001
83  3.048000e+001
86  2.751000e+001
89  1.705000e+001
98  5.706000e+001
106  4.093000e+001
109  6.062000e+001
115  2.113000e+001
120  4.105000e+001
125  2.389000e+001
130  2.465000e+001
132  7.650000e+001
134  4.737000e+001
140  2.025000e+001
144  5.423000e+001
147  4.298000e+001
151  2.106000e+001
156  3.013000e+001
   68 
3  1.097000e+002
4  8.868000e+001
8  4.828000e+001
12  1.036000e+002
22  7.809000e+001
24  1.413000e+002
33  6.526000e+001
53  6.720000e+001
56  5.700000e+001
63  2.085000e+002
68  6.250000e+001
72  1.867000e+002
83  1.019000e+002
86  1.007000e+002
89  6.858000e+001
98  1.861000e+002
106  1.224000e+002
109  1.908000e+002
115  7.483000e+001
120  1.113000e+002
125  8.313000e+001
130  8.069000e+001
132  2.583000e+002
134  1.515000e+002
140  7.044000e+001
144  1.647000e+002
147  1.367000e+002
151  7.553000e+001
156  1.027000e+002
   69 
3  3.708000e+001
4  3.068000e+001
8  1.671000e+001
12  3.508000e+001
22  2.592000e+001
24  4.825000e+001
33  2.197000e+001
53  2.262000e+001
56  1.920000e+001
63  6.840000e+001
68  2.061000e+001
72  6.192000e+001
83  3.520000e+001
86  3.424000e+001
89  2.302000e+001
98  6.115000e+001
106  4.231000e+001
109  6.237000e+001
115  2.465000e+001
120  3.918000e+001
125  2.743000e+001
130  2.724000e+001
132  7.439000e+001
134  5.002000e+001
140  2.353000e+001
144  5.337000e+001
147  4.565000e+001
151  2.502000e+001
156  3.451000e+001
   70 
3  2.237000e+002
4  1.864000e+002
8  7.718000e+001
12  2.057000e+002
22  1.424000e+002
24  2.903000e+002
33  1.227000e+002
53  1.142000e+002
56  9.647000e+001
63  3.733000e+002
68  1.002000e+002
72  3.396000e+002
83  2.048000e+002
86  1.861000e+002
89  1.181000e+002
98  3.393000e+002
106  2.541000e+002
109  3.415000e+002
115  1.337000e+002
120  2.469000e+002
125  1.522000e+002
130  1.565000e+002
132  4.037000e+002
134  2.699000e+002
140  1.171000e+002
144  3.045000e+002
147  2.682000e+002
151  1.356000e+002
156  1.907000e+002
   71 
3  3.167000e+001
4  2.620000e+001
8  1.323000e+001
12  3.001000e+001
22  2.116000e+001
24  4.112000e+001
33  1.740000e+001
53  1.769000e+001
56  1.495000e+001
63  5.685000e+001
68  1.626000e+001
72  5.008000e+001
83  2.999000e+001
86  2.795000e+001
89  1.801000e+001
98  4.841000e+001
106  3.628000e+001
109  4.838000e+001
115  1.967000e+001
120  3.527000e+001
125  2.253000e+001
130  2.251000e+001
132  6.233000e+001
134  4.093000e+001
140  1.851000e+001
144  4.540000e+001
147  3.894000e+001
151  1.965000e+001
156  2.928000e+001
   72 
3  5.755000e+001
4  4.855000e+001
8  2.352000e+001
12  5.323000e+001
22  3.881000e+001
24  7.256000e+001
33  3.225000e+001
53  3.138000e+001
56  2.662000e+001
63  1.047000e+002
68  2.948000e+001
72  9.519000e+001
83  5.344000e+001
86  5.031000e+001
89  3.199000e+001
98  9.153000e+001
106  6.319000e+001
109  9.550000e+001
115  3.585000e+001
120  6.392000e+001
125  4.108000e+001
130  4.099000e+001
132  1.312000e+002
134  7.599000e+001
140  3.390000e+001
144  8.649000e+001
147  6.955000e+001
151  3.593000e+001
156  5.394000e+001
   73 
3  6.657000e+001
4  5.354000e+001
8  2.730000e+001
12  6.197000e+001
22  4.467000e+001
24  8.669000e+001
33  3.778000e+001
53  3.592000e+001
56  3.025000e+001
63  1.248000e+002
68  3.421000e+001
72  1.135000e+002
83  5.957000e+001
86  5.600000e+001
89  3.605000e+001
98  1.113000e+002
106  7.548000e+001
109  1.138000e+002
115  4.191000e+001
120  7.388000e+001
125  4.723000e+001
130  4.764000e+001
132  1.599000e+002
134  8.988000e+001
140  3.998000e+001
144  1.011000e+002
147  8.144000e+001
151  4.185000e+001
156  5.897000e+001
   74 
3  3.569000e+001
4  2.953000e+001
8  1.432000e+001
12  3.219000e+001
22  2.257000e+001
24  4.720000e+001
33  1.903000e+001
53  1.873000e+001
56  1.587000e+001
63  6.404000e+001
68  1.775000e+001
72  5.800000e+001
83  3.227000e+001
86  2.930000e+001
89  1.907000e+001
98  5.507000e+001
106  3.978000e+001
109  5.952000e+001
115  2.142000e+001
120  4.336000e+001
125  2.433000e+001
130  2.437000e+001
132  7.036000e+001
134  4.528000e+001
140  2.017000e+001
144  5.405000e+001
147  4.320000e+001
151  2.132000e+001
156  3.089000e+001
   75 
3  2.235000e+002
4  1.821000e+002
8  8.433000e+001
12  2.158000e+002
22  1.472000e+002
24  2.913000e+002
33  1.209000e+002
53  1.218000e+002
56  1.027000e+002
63  3.782000e+002
68  1.106000e+002
72  3.439000e+002
83  2.133000e+002
86  1.958000e+002
89  1.187000e+002
98  3.456000e+002
106  2.554000e+002
109  3.420000e+002
115  1.380000e+002
120  2.349000e+002
125  1.581000e+002
130  1.578000e+002
132  4.103000e+002
134  2.674000e+002
140  1.264000e+002
144  2.999000e+002
147  2.721000e+002
151  1.378000e+002
156  1.992000e+002
   76 
3  3.047000e+001
4  2.442000e+001
8  1.306000e+001
12  2.982000e+001
22  2.116000e+001
24  4.004000e+001
33  1.758000e+001
53  1.701000e+001
56  1.426000e+001
63  5.856000e+001
68  1.601000e+001
72  5.245000e+001
83  2.809000e+001
86  2.639000e+001
89  1.697000e+001
98  5.133000e+001
106  3.485000e+001
109  5.337000e+001
115  1.954000e+001
120  3.210000e+001
125  2.211000e+001
130  2.231000e+001
132  6.501000e+001
134  4.228000e+001
140  1.858000e+001
144  4.419000e+001
147  3.762000e+001
151  1.958000e+001
156  2.852000e+001
   77 
3  9.364000e+001
4  7.551000e+001
8  3.381000e+001
12  8.931000e+001
22  5.988000e+001
24  1.224000e+002
33  4.866000e+001
53  4.220000e+001
56  3.686000e+001
63  1.751000e+002
68  4.212000e+001
72  1.598000e+002
83  8.200000e+001
86  7.137000e+001
89  4.087000e+001
98  1.534000e+002
106  1.085000e+002
109  1.588000e+002
115  5.255000e+001
120  1.017000e+002
125  6.168000e+001
130  6.756000e+001
132  2.254000e+002
134  1.223000e+002
140  4.968000e+001
144  1.416000e+002
147  1.129000e+002
151  5.183000e+001
156  8.116000e+001
   78 
3  5.191000e+001
4  4.193000e+001
8  1.948000e+001
12  4.713000e+001
22  3.231000e+001
24  6.861000e+001
33  2.688000e+001
53  2.532000e+001
56  2.131000e+001
63  9.394000e+001
68  2.433000e+001
72  8.587000e+001
83  4.560000e+001
86  4.044000e+001
89  2.522000e+001
98  8.099000e+001
106  5.865000e+001
109  8.841000e+001
115  2.995000e+001
120  6.308000e+001
125  3.445000e+001
130  3.556000e+001
132  1.170000e+002
134  6.653000e+001
140  2.844000e+001
144  7.893000e+001
147  6.250000e+001
151  2.976000e+001
156  4.456000e+001
   79 
3  5.945000e+001
4  4.728000e+001
8  2.092000e+001
12  4.175000e+001
22  2.933000e+001
24  5.441000e+001
33  2.641000e+001
53  3.028000e+001
56  2.325000e+001
63  7.741000e+001
68  2.553000e+001
72  6.685000e+001
83  4.546000e+001
86  5.008000e+001
89  4.119000e+001
98  6.737000e+001
106  3.640000e+001
109  8.614000e+001
115  3.136000e+001
120  6.010000e+001
125  4.828000e+001
130  3.012000e+001
132  8.711000e+001
134  5.965000e+001
140  2.863000e+001
144  6.952000e+001
147  5.723000e+001
151  3.387000e+001
156  4.206000e+001
   80 
3  2.992000e+001
4  2.463000e+001
8  1.220000e+001
12  2.818000e+001
22  2.021000e+001
24  3.960000e+001
33  1.699000e+001
53  1.650000e+001
56  1.400000e+001
63  5.636000e+001
68  1.534000e+001
72  5.043000e+001
83  2.689000e+001
86  2.574000e+001
89  1.661000e+001
98  4.940000e+001
106  3.501000e+001
109  5.117000e+001
115  1.889000e+001
120  3.345000e+001
125  2.146000e+001
130  2.163000e+001
132  6.201000e+001
134  4.081000e+001
140  1.799000e+001
144  4.340000e+001
147  3.705000e+001
151  1.907000e+001
156  2.693000e+001
   81 
3  4.711000e+001
4  3.830000e+001
8  1.977000e+001
12  4.539000e+001
22  3.156000e+001
24  6.139000e+001
33  2.634000e+001
53  2.602000e+001
56  2.197000e+001
63  8.631000e+001
68  2.438000e+001
72  7.849000e+001
83  4.362000e+001
86  4.080000e+001
89  2.680000e+001
98  7.663000e+001
106  5.300000e+001
109  7.849000e+001
115  2.961000e+001
120  5.217000e+001
125  3.396000e+001
130  3.353000e+001
132  1.081000e+002
134  6.190000e+001
140  2.780000e+001
144  7.057000e+001
147  5.788000e+001
151  2.961000e+001
156  4.257000e+001
   82 
3  1.331000e+002
4  1.057000e+002
8  5.198000e+001
12  1.295000e+002
22  9.102000e+001
24  1.712000e+002
33  7.389000e+001
53  6.947000e+001
56  5.688000e+001
63  2.537000e+002
68  6.432000e+001
72  2.255000e+002
83  1.225000e+002
86  1.121000e+002
89  6.848000e+001
98  2.205000e+002
106  1.512000e+002
109  2.265000e+002
115  8.251000e+001
120  1.371000e+002
125  9.434000e+001
130  9.512000e+001
132  3.044000e+002
134  1.832000e+002
140  7.892000e+001
144  1.960000e+002
147  1.632000e+002
151  8.036000e+001
156  1.243000e+002
   83 
3  3.043000e+001
4  2.449000e+001
8  1.184000e+001
12  2.828000e+001
22  1.958000e+001
24  4.159000e+001
33  1.636000e+001
53  1.502000e+001
56  1.300000e+001
63  5.784000e+001
68  1.463000e+001
72  5.179000e+001
83  2.673000e+001
86  2.410000e+001
89  1.471000e+001
98  4.909000e+001
106  3.560000e+001
109  5.065000e+001
115  1.796000e+001
120  3.645000e+001
125  2.045000e+001
130  2.143000e+001
132  6.394000e+001
134  4.054000e+001
140  1.723000e+001
144  4.500000e+001
147  3.741000e+001
151  1.789000e+001
156  2.617000e+001
   84 
3  6.996000e+001
4  6.106000e+001
8  3.109000e+001
12  5.058000e+001
22  3.873000e+001
24  6.593000e+001
33  3.813000e+001
53  4.501000e+001
56  3.085000e+001
63  1.018000e+002
68  3.692000e+001
72  8.748000e+001
83  5.108000e+001
86  6.095000e+001
89  5.319000e+001
98  9.073000e+001
106  5.453000e+001
109  1.062000e+002
115  4.548000e+001
120  6.959000e+001
125  5.790000e+001
130  3.979000e+001
132  1.193000e+002
134  8.226000e+001
140  4.121000e+001
144  8.754000e+001
147  7.375000e+001
151  4.911000e+001
156  5.131000e+001
   85 
3  4.263000e+001
4  3.536000e+001
8  1.558000e+001
12  3.742000e+001
22  2.636000e+001
24  5.384000e+001
33  2.170000e+001
53  2.029000e+001
56  1.727000e+001
63  7.511000e+001
68  1.938000e+001
72  6.875000e+001
83  3.782000e+001
86  3.452000e+001
89  2.050000e+001
98  6.376000e+001
106  4.590000e+001
109  7.052000e+001
115  2.382000e+001
120  5.081000e+001
125  2.886000e+001
130  2.870000e+001
132  8.773000e+001
134  5.385000e+001
140  2.272000e+001
144  6.389000e+001
147  5.072000e+001
151  2.375000e+001
156  3.785000e+001
   86 
3  2.926000e+001
4  2.372000e+001
8  1.318000e+001
12  2.842000e+001
22  2.063000e+001
24  3.855000e+001
33  1.769000e+001
53  1.693000e+001
56  1.439000e+001
63  5.633000e+001
68  1.618000e+001
72  4.831000e+001
83  2.693000e+001
86  2.557000e+001
89  1.700000e+001
98  4.749000e+001
106  3.359000e+001
109  4.931000e+001
115  1.967000e+001
120  3.095000e+001
125  2.160000e+001
130  2.165000e+001
132  6.242000e+001
134  4.070000e+001
140  1.869000e+001
144  4.242000e+001
147  3.631000e+001
151  1.965000e+001
156  2.712000e+001
   87 
3  3.062000e+001
4  2.502000e+001
8  1.429000e+001
12  2.910000e+001
22  2.174000e+001
24  3.930000e+001
33  1.836000e+001
53  1.935000e+001
56  1.637000e+001
63  5.606000e+001
68  1.732000e+001
72  4.648000e+001
83  2.861000e+001
86  2.875000e+001
89  1.948000e+001
98  4.830000e+001
106  3.405000e+001
109  4.777000e+001
115  2.100000e+001
120  3.160000e+001
125  2.339000e+001
130  2.218000e+001
132  6.141000e+001
134  4.114000e+001
140  1.979000e+001
144  4.332000e+001
147  3.783000e+001
151  2.112000e+001
156  2.845000e+001
   88 
3  5.648000e+001
4  4.533000e+001
8  2.259000e+001
12  5.472000e+001
22  3.813000e+001
24  7.520000e+001
33  3.228000e+001
53  2.908000e+001
56  2.428000e+001
63  1.088000e+002
68  2.876000e+001
72  9.845000e+001
83  5.001000e+001
86  4.555000e+001
89  2.850000e+001
98  9.581000e+001
106  6.483000e+001
109  9.903000e+001
115  3.556000e+001
120  6.259000e+001
125  3.995000e+001
130  4.032000e+001
132  1.400000e+002
134  7.756000e+001
140  3.399000e+001
144  8.600000e+001
147  6.907000e+001
151  3.520000e+001
156  5.007000e+001
   89 
3  4.504000e+001
4  3.460000e+001
8  1.374000e+001
12  3.360000e+001
22  2.287000e+001
24  5.095000e+001
33  1.907000e+001
53  1.785000e+001
56  1.478000e+001
63  6.645000e+001
68  1.716000e+001
72  6.076000e+001
83  3.672000e+001
86  3.253000e+001
89  2.125000e+001
98  5.536000e+001
106  3.588000e+001
109  6.916000e+001
115  2.117000e+001
120  5.232000e+001
125  3.166000e+001
130  2.524000e+001
132  7.313000e+001
134  4.531000e+001
140  1.999000e+001
144  5.960000e+001
147  4.647000e+001
151  2.105000e+001
156  3.545000e+001
   90 
3  2.059000e+002
4  1.728000e+002
8  7.790000e+001
12  1.974000e+002
22  1.357000e+002
24  2.545000e+002
33  1.165000e+002
53  1.070000e+002
56  7.792000e+001
63  3.495000e+002
68  1.025000e+002
72  3.132000e+002
83  1.890000e+002
86  1.839000e+002
89  1.165000e+002
98  3.166000e+002
106  2.239000e+002
109  3.196000e+002
115  1.305000e+002
120  2.182000e+002
125  1.513000e+002
130  1.427000e+002
132  3.841000e+002
134  2.553000e+002
140  1.130000e+002
144  2.788000e+002
147  2.457000e+002
151  1.287000e+002
156  1.812000e+002
   91 
3  1.041000e+002
4  8.950000e+001
8  3.636000e+001
12  9.724000e+001
22  6.127000e+001
24  1.246000e+002
33  4.887000e+001
53  4.531000e+001
56  2.888000e+001
63  1.771000e+002
68  4.265000e+001
72  1.667000e+002
83  9.289000e+001
86  8.949000e+001
89  5.129000e+001
98  1.602000e+002
106  1.082000e+002
109  1.654000e+002
115  5.406000e+001
120  1.186000e+002
125  7.068000e+001
130  7.031000e+001
132  2.237000e+002
134  1.317000e+002
140  4.743000e+001
144  1.513000e+002
147  1.222000e+002
151  5.412000e+001
156  8.995000e+001
   92 
3  2.013000e+002
4  1.622000e+002
8  8.756000e+001
12  1.993000e+002
22  1.377000e+002
24  2.656000e+002
33  1.135000e+002
53  9.980000e+001
56  8.304000e+001
63  3.554000e+002
68  1.021000e+002
72  3.182000e+002
83  1.857000e+002
86  1.668000e+002
89  1.018000e+002
98  3.198000e+002
106  2.320000e+002
109  3.207000e+002
115  1.232000e+002
120  2.114000e+002
125  1.451000e+002
130  1.442000e+002
132  3.906000e+002
134  2.509000e+002
140  1.212000e+002
144  2.759000e+002
147  2.449000e+002
151  1.207000e+002
156  1.799000e+002
   93 
3  4.847000e+001
4  3.918000e+001
8  2.061000e+001
12  4.519000e+001
22  3.176000e+001
24  6.049000e+001
33  2.655000e+001
53  2.707000e+001
56  2.214000e+001
63  8.690000e+001
68  2.489000e+001
72  7.910000e+001
83  4.388000e+001
86  4.231000e+001
89  2.747000e+001
98  7.641000e+001
106  5.082000e+001
109  8.142000e+001
115  2.929000e+001
120  5.100000e+001
125  3.434000e+001
130  3.273000e+001
132  1.086000e+002
134  6.312000e+001
140  2.788000e+001
144  7.264000e+001
147  5.710000e+001
151  2.962000e+001
156  4.512000e+001
   94 
3  1.456000e+002
4  1.283000e+002
8  6.176000e+001
12  1.351000e+002
22  9.559000e+001
24  1.705000e+002
33  8.023000e+001
53  8.254000e+001
56  6.823000e+001
63  2.485000e+002
68  7.490000e+001
72  2.250000e+002
83  1.391000e+002
86  1.349000e+002
89  8.936000e+001
98  2.230000e+002
106  1.479000e+002
109  2.275000e+002
115  9.039000e+001
120  1.564000e+002
125  1.111000e+002
130  9.695000e+001
132  2.969000e+002
134  1.869000e+002
140  8.362000e+001
144  2.067000e+002
147  1.724000e+002
151  9.074000e+001
156  1.388000e+002
   95 
3  2.938000e+001
4  2.417000e+001
8  1.347000e+001
12  2.776000e+001
22  2.071000e+001
24  3.869000e+001
33  1.766000e+001
53  1.817000e+001
56  1.555000e+001
63  5.396000e+001
68  1.667000e+001
72  4.521000e+001
83  2.724000e+001
86  2.678000e+001
89  1.842000e+001
98  4.651000e+001
106  3.367000e+001
109  4.593000e+001
115  1.996000e+001
120  3.209000e+001
125  2.225000e+001
130  2.118000e+001
132  5.937000e+001
134  3.922000e+001
140  1.892000e+001
144  4.195000e+001
147  3.659000e+001
151  2.012000e+001
156  2.676000e+001
   96 
3  5.129000e+001
4  4.159000e+001
8  2.050000e+001
12  4.566000e+001
22  3.268000e+001
24  6.698000e+001
33  2.707000e+001
53  2.731000e+001
56  2.310000e+001
63  9.103000e+001
68  2.537000e+001
72  8.323000e+001
83  4.696000e+001
86  4.319000e+001
89  2.770000e+001
98  7.959000e+001
106  5.725000e+001
109  8.469000e+001
115  3.059000e+001
120  6.055000e+001
125  3.514000e+001
130  3.544000e+001
132  1.120000e+002
134  6.481000e+001
140  2.890000e+001
144  7.663000e+001
147  6.222000e+001
151  3.062000e+001
156  4.503000e+001
   97 
3  3.697000e+001
4  3.079000e+001
8  1.311000e+001
12  3.164000e+001
22  2.173000e+001
24  4.634000e+001
33  1.792000e+001
53  1.698000e+001
56  1.428000e+001
63  6.218000e+001
68  1.622000e+001
72  5.641000e+001
83  3.255000e+001
86  2.893000e+001
89  1.792000e+001
98  5.196000e+001
106  3.746000e+001
109  5.998000e+001
115  1.993000e+001
120  4.516000e+001
125  2.532000e+001
130  2.372000e+001
132  6.805000e+001
134  4.376000e+001
140  1.880000e+001
144  5.390000e+001
147  4.252000e+001
151  1.978000e+001
156  3.132000e+001
   98 
3  4.480000e+001
4  3.671000e+001
8  1.693000e+001
12  3.200000e+001
22  2.253000e+001
24  4.185000e+001
33  2.093000e+001
53  2.467000e+001
56  1.752000e+001
63  6.100000e+001
68  2.031000e+001
72  5.274000e+001
83  3.390000e+001
86  3.847000e+001
89  3.249000e+001
98  5.284000e+001
106  2.925000e+001
109  6.690000e+001
115  2.561000e+001
120  4.529000e+001
125  3.663000e+001
130  2.323000e+001
132  6.076000e+001
134  4.792000e+001
140  2.288000e+001
144  5.280000e+001
147  4.467000e+001
151  2.761000e+001
156  3.160000e+001
   99 
3  8.902000e+001
4  7.705000e+001
8  3.248000e+001
12  7.217000e+001
22  5.242000e+001
24  9.649000e+001
33  4.586000e+001
53  4.482000e+001
56  3.701000e+001
63  1.425000e+002
68  4.224000e+001
72  1.310000e+002
83  7.502000e+001
86  7.512000e+001
89  5.220000e+001
98  1.254000e+002
106  8.283000e+001
109  1.368000e+002
115  5.136000e+001
120  1.008000e+002
125  6.786000e+001
130  5.535000e+001
132  1.797000e+002
134  1.084000e+002
140  4.838000e+001
144  1.275000e+002
147  9.776000e+001
151  5.198000e+001
156  7.617000e+001
   100 
3  4.758000e+001
4  4.061000e+001
8  2.050000e+001
12  4.591000e+001
22  3.208000e+001
24  5.998000e+001
33  2.641000e+001
53  2.823000e+001
56  2.369000e+001
63  8.269000e+001
68  2.505000e+001
72  7.554000e+001
83  4.558000e+001
86  4.404000e+001
89  2.904000e+001
98  7.342000e+001
106  5.159000e+001
109  7.642000e+001
115  3.002000e+001
120  5.287000e+001
125  3.491000e+001
130  3.319000e+001
132  9.494000e+001
134  6.141000e+001
140  2.827000e+001
144  6.853000e+001
147  5.699000e+001
151  3.029000e+001
156  4.556000e+001
