   1 
63  3.568000e+001
68  1.782000e+001
72  4.086000e+001
79  2.220000e+001
86  2.927000e+001
88  3.111000e+001
100  3.806000e+001
106  2.647000e+001
110  3.680000e+001
115  2.037000e+001
118  1.794000e+001
124  3.896000e+001
130  2.043000e+001
132  5.438000e+001
134  4.125000e+001
138  2.119000e+001
152  1.511000e+001
156  2.072000e+001
   2 
63  3.514000e+001
68  1.734000e+001
72  4.051000e+001
79  2.186000e+001
86  2.738000e+001
88  3.133000e+001
100  3.828000e+001
106  2.613000e+001
110  3.708000e+001
115  2.005000e+001
118  1.746000e+001
124  3.983000e+001
130  1.979000e+001
132  5.448000e+001
134  4.138000e+001
138  2.085000e+001
152  1.360000e+001
156  2.027000e+001
   3 
63  2.518000e+001
68  1.251000e+001
72  2.874000e+001
79  1.574000e+001
86  2.077000e+001
88  2.144000e+001
100  2.724000e+001
106  1.915000e+001
110  2.580000e+001
115  1.451000e+001
118  1.280000e+001
124  2.599000e+001
130  1.438000e+001
132  3.575000e+001
134  2.886000e+001
138  1.499000e+001
152  9.747000e+000
156  1.334000e+001
   4 
63  3.214000e+001
68  1.390000e+001
72  3.823000e+001
79  1.818000e+001
86  2.499000e+001
88  2.639000e+001
100  3.642000e+001
106  2.529000e+001
110  3.435000e+001
115  1.751000e+001
118  1.546000e+001
124  3.478000e+001
130  1.849000e+001
132  5.488000e+001
134  4.137000e+001
138  1.708000e+001
152  8.325000e+000
156  1.690000e+001
   5 
63  5.115000e+001
68  1.946000e+001
72  6.052000e+001
79  2.837000e+001
86  4.193000e+001
88  4.228000e+001
100  6.007000e+001
106  4.146000e+001
110  5.665000e+001
115  2.798000e+001
118  2.422000e+001
124  5.555000e+001
130  2.971000e+001
132  8.905000e+001
134  6.769000e+001
138  2.612000e+001
152  1.141000e+001
156  2.567000e+001
   6 
63  2.276000e+001
68  1.040000e+001
72  2.687000e+001
79  1.363000e+001
86  1.778000e+001
88  1.943000e+001
100  2.602000e+001
106  1.806000e+001
110  2.476000e+001
115  1.291000e+001
118  1.134000e+001
124  2.496000e+001
130  1.330000e+001
132  3.733000e+001
134  2.934000e+001
138  1.293000e+001
152  6.518000e+000
156  1.204000e+001
   7 
63  2.612000e+001
68  1.132000e+001
72  3.119000e+001
79  1.492000e+001
86  1.928000e+001
88  2.274000e+001
100  2.955000e+001
106  2.021000e+001
110  2.866000e+001
115  1.416000e+001
118  1.246000e+001
124  3.064000e+001
130  1.505000e+001
132  4.309000e+001
134  3.280000e+001
138  1.412000e+001
152  6.808000e+000
156  1.509000e+001
   8 
63  2.601000e+001
68  1.070000e+001
72  3.057000e+001
79  1.405000e+001
86  1.855000e+001
88  2.343000e+001
100  2.862000e+001
106  1.940000e+001
110  2.807000e+001
115  1.339000e+001
118  1.176000e+001
124  3.107000e+001
130  1.450000e+001
132  4.087000e+001
134  3.079000e+001
138  1.319000e+001
152  6.448000e+000
156  1.601000e+001
   9 
63  3.911000e+001
68  1.732000e+001
72  4.390000e+001
79  2.316000e+001
86  2.820000e+001
88  3.581000e+001
100  4.299000e+001
106  2.908000e+001
110  4.195000e+001
115  2.141000e+001
118  1.870000e+001
124  4.504000e+001
130  2.184000e+001
132  6.037000e+001
134  4.576000e+001
138  2.196000e+001
152  1.123000e+001
156  2.248000e+001
   10 
63  2.119000e+001
68  9.157000e+000
72  2.510000e+001
79  1.217000e+001
86  1.586000e+001
88  1.844000e+001
100  2.340000e+001
106  1.608000e+001
110  2.258000e+001
115  1.132000e+001
118  9.942000e+000
124  2.432000e+001
130  1.209000e+001
132  3.237000e+001
134  2.574000e+001
138  1.153000e+001
152  5.725000e+000
156  1.216000e+001
   11 
63  5.639000e+001
68  2.485000e+001
72  6.667000e+001
79  3.391000e+001
86  4.239000e+001
88  5.287000e+001
100  6.455000e+001
106  4.348000e+001
110  6.272000e+001
115  3.168000e+001
118  2.762000e+001
124  6.688000e+001
130  3.241000e+001
132  9.196000e+001
134  6.943000e+001
138  3.227000e+001
152  1.701000e+001
156  3.428000e+001
   12 
63  5.340000e+001
68  2.603000e+001
72  5.964000e+001
79  3.257000e+001
86  4.197000e+001
88  5.102000e+001
100  5.647000e+001
106  3.780000e+001
110  5.548000e+001
115  2.966000e+001
118  2.584000e+001
124  6.160000e+001
130  2.916000e+001
132  7.669000e+001
134  5.799000e+001
138  3.108000e+001
152  2.250000e+001
156  3.250000e+001
   13 
63  2.926000e+001
68  1.349000e+001
72  3.431000e+001
79  1.811000e+001
86  2.322000e+001
88  2.535000e+001
100  3.349000e+001
106  2.317000e+001
110  3.176000e+001
115  1.696000e+001
118  1.477000e+001
124  3.165000e+001
130  1.698000e+001
132  4.948000e+001
134  3.763000e+001
138  1.727000e+001
152  8.488000e+000
156  1.489000e+001
   14 
63  6.509000e+001
68  3.277000e+001
72  7.238000e+001
79  4.166000e+001
86  5.361000e+001
88  5.546000e+001
100  7.079000e+001
106  4.916000e+001
110  6.686000e+001
115  3.790000e+001
118  3.341000e+001
124  6.640000e+001
130  3.673000e+001
132  1.020000e+002
134  7.753000e+001
138  3.950000e+001
152  2.528000e+001
156  3.241000e+001
   15 
63  4.592000e+001
68  2.358000e+001
72  5.291000e+001
79  2.983000e+001
86  3.854000e+001
88  4.020000e+001
100  5.060000e+001
106  3.510000e+001
110  4.848000e+001
115  2.727000e+001
118  2.391000e+001
124  4.941000e+001
130  2.644000e+001
132  7.281000e+001
134  5.583000e+001
138  2.840000e+001
152  1.970000e+001
156  2.528000e+001
   16 
63  3.413000e+001
68  1.723000e+001
72  3.824000e+001
79  2.181000e+001
86  2.810000e+001
88  2.919000e+001
100  3.711000e+001
106  2.574000e+001
110  3.513000e+001
115  1.989000e+001
118  1.742000e+001
124  3.499000e+001
130  1.936000e+001
132  5.373000e+001
134  4.086000e+001
138  2.077000e+001
152  1.347000e+001
156  1.749000e+001
   17 
63  4.432000e+001
68  1.962000e+001
72  5.315000e+001
79  2.721000e+001
86  3.527000e+001
88  3.900000e+001
100  5.135000e+001
106  3.545000e+001
110  4.901000e+001
115  2.555000e+001
118  2.247000e+001
124  4.994000e+001
130  2.598000e+001
132  7.651000e+001
134  5.750000e+001
138  2.612000e+001
152  1.305000e+001
156  2.378000e+001
   18 
63  2.944000e+001
68  1.945000e+001
72  2.477000e+001
79  3.112000e+001
86  2.164000e+001
88  2.997000e+001
100  3.073000e+001
106  1.989000e+001
110  3.236000e+001
115  2.036000e+001
118  1.556000e+001
124  3.240000e+001
130  1.684000e+001
132  2.987000e+001
134  3.223000e+001
138  2.660000e+001
152  1.421000e+001
156  1.440000e+001
   19 
63  3.876000e+001
68  1.783000e+001
72  4.525000e+001
79  2.354000e+001
86  3.048000e+001
88  3.292000e+001
100  4.504000e+001
106  3.099000e+001
110  4.217000e+001
115  2.242000e+001
118  1.961000e+001
124  4.155000e+001
130  2.237000e+001
132  6.620000e+001
134  5.066000e+001
138  2.236000e+001
152  1.102000e+001
156  1.902000e+001
   20 
63  5.106000e+001
68  2.286000e+001
72  6.000000e+001
79  3.034000e+001
86  4.011000e+001
88  4.348000e+001
100  5.782000e+001
106  3.994000e+001
110  5.456000e+001
115  2.868000e+001
118  2.516000e+001
124  5.445000e+001
130  2.932000e+001
132  8.579000e+001
134  6.469000e+001
138  2.886000e+001
152  1.466000e+001
156  2.621000e+001
   21 
63  2.460000e+001
68  1.080000e+001
72  2.882000e+001
79  1.405000e+001
86  1.911000e+001
88  2.005000e+001
100  2.797000e+001
106  1.949000e+001
110  2.657000e+001
115  1.344000e+001
118  1.186000e+001
124  2.674000e+001
130  1.439000e+001
132  4.180000e+001
134  3.172000e+001
138  1.296000e+001
152  6.495000e+000
156  1.306000e+001
   22 
63  3.916000e+001
68  1.864000e+001
72  3.924000e+001
79  2.555000e+001
86  2.924000e+001
88  4.018000e+001
100  4.085000e+001
106  2.603000e+001
110  4.237000e+001
115  2.150000e+001
118  1.854000e+001
124  4.291000e+001
130  1.962000e+001
132  5.147000e+001
134  4.241000e+001
138  2.353000e+001
152  1.517000e+001
156  2.161000e+001
   23 
63  3.015000e+001
68  1.460000e+001
72  3.490000e+001
79  1.901000e+001
86  2.425000e+001
88  2.584000e+001
100  3.348000e+001
106  2.316000e+001
110  3.178000e+001
115  1.743000e+001
118  1.527000e+001
124  3.189000e+001
130  1.709000e+001
132  4.923000e+001
134  3.726000e+001
138  1.805000e+001
152  1.046000e+001
156  1.552000e+001
   24 
63  2.253000e+001
68  1.068000e+001
72  2.602000e+001
79  1.386000e+001
86  1.829000e+001
88  1.920000e+001
100  2.464000e+001
106  1.735000e+001
110  2.327000e+001
115  1.277000e+001
118  1.130000e+001
124  2.336000e+001
130  1.284000e+001
132  3.183000e+001
134  2.625000e+001
138  1.318000e+001
152  7.650000e+000
156  1.176000e+001
   25 
63  2.912000e+001
68  1.512000e+001
72  3.312000e+001
79  1.913000e+001
86  2.451000e+001
88  2.553000e+001
100  3.213000e+001
106  2.257000e+001
110  3.061000e+001
115  1.752000e+001
118  1.534000e+001
124  3.038000e+001
130  1.696000e+001
132  4.655000e+001
134  3.411000e+001
138  1.820000e+001
152  1.226000e+001
156  1.559000e+001
   26 
63  2.786000e+001
68  1.278000e+001
72  3.256000e+001
79  1.681000e+001
86  2.151000e+001
88  2.401000e+001
100  3.172000e+001
106  2.217000e+001
110  3.030000e+001
115  1.589000e+001
118  1.390000e+001
124  3.077000e+001
130  1.650000e+001
132  4.695000e+001
134  3.552000e+001
138  1.595000e+001
152  8.008000e+000
156  1.464000e+001
   27 
63  2.315000e+001
68  1.129000e+001
72  2.685000e+001
79  1.428000e+001
86  1.813000e+001
88  2.105000e+001
100  2.515000e+001
106  1.723000e+001
110  2.440000e+001
115  1.311000e+001
118  1.155000e+001
124  2.647000e+001
130  1.305000e+001
132  3.385000e+001
134  2.697000e+001
138  1.357000e+001
152  9.021000e+000
156  1.381000e+001
   28 
63  3.539000e+001
68  1.729000e+001
72  4.050000e+001
79  2.192000e+001
86  2.877000e+001
88  3.019000e+001
100  3.839000e+001
106  2.673000e+001
110  3.655000e+001
115  2.011000e+001
118  1.775000e+001
124  3.704000e+001
130  2.014000e+001
132  5.622000e+001
134  4.237000e+001
138  2.090000e+001
152  1.306000e+001
156  1.870000e+001
   29 
63  6.812000e+001
68  3.103000e+001
72  7.867000e+001
79  4.091000e+001
86  5.482000e+001
88  5.791000e+001
100  7.460000e+001
106  5.196000e+001
110  7.041000e+001
115  3.780000e+001
118  3.305000e+001
124  7.063000e+001
130  3.855000e+001
132  1.101000e+002
134  8.227000e+001
138  3.884000e+001
152  2.153000e+001
156  3.472000e+001
   30 
63  2.047000e+001
68  9.543000e+000
72  2.394000e+001
79  1.293000e+001
86  1.650000e+001
88  1.794000e+001
100  2.385000e+001
106  1.653000e+001
110  2.250000e+001
115  1.217000e+001
118  1.068000e+001
124  2.219000e+001
130  1.209000e+001
132  3.234000e+001
134  2.581000e+001
138  1.237000e+001
152  6.088000e+000
156  1.037000e+001
   31 
63  2.491000e+001
68  1.115000e+001
72  2.976000e+001
79  1.453000e+001
86  1.847000e+001
88  2.132000e+001
100  2.792000e+001
106  1.917000e+001
110  2.694000e+001
115  1.366000e+001
118  1.194000e+001
124  2.880000e+001
130  1.448000e+001
132  4.090000e+001
134  3.104000e+001
138  1.374000e+001
152  6.846000e+000
156  1.397000e+001
   32 
63  3.413000e+001
68  1.535000e+001
72  4.078000e+001
79  1.984000e+001
86  2.589000e+001
88  2.858000e+001
100  3.878000e+001
106  2.664000e+001
110  3.706000e+001
115  1.871000e+001
118  1.648000e+001
124  3.828000e+001
130  1.975000e+001
132  5.741000e+001
134  4.358000e+001
138  1.866000e+001
152  9.401000e+000
156  1.841000e+001
   33 
63  2.470000e+001
68  9.572000e+000
72  2.919000e+001
79  1.358000e+001
86  1.954000e+001
88  2.156000e+001
100  2.823000e+001
106  1.949000e+001
110  2.701000e+001
115  1.345000e+001
118  1.194000e+001
124  2.761000e+001
130  1.431000e+001
132  4.189000e+001
134  3.169000e+001
138  1.325000e+001
152  6.169000e+000
156  1.387000e+001
   34 
63  5.234000e+001
68  2.534000e+001
72  6.094000e+001
79  3.334000e+001
86  4.307000e+001
88  4.555000e+001
100  5.878000e+001
106  4.059000e+001
110  5.558000e+001
115  3.059000e+001
118  2.692000e+001
124  5.529000e+001
130  2.969000e+001
132  8.642000e+001
134  6.535000e+001
138  3.142000e+001
152  1.872000e+001
156  2.695000e+001
   35 
63  4.678000e+001
68  2.227000e+001
72  4.282000e+001
79  3.917000e+001
86  3.337000e+001
88  5.005000e+001
100  4.830000e+001
106  2.888000e+001
110  5.271000e+001
115  2.578000e+001
118  2.101000e+001
124  5.195000e+001
130  2.083000e+001
132  5.256000e+001
134  5.074000e+001
138  3.339000e+001
152  1.701000e+001
156  2.456000e+001
   36 
63  2.693000e+001
68  1.034000e+001
72  2.680000e+001
79  1.855000e+001
86  1.821000e+001
88  2.965000e+001
100  2.799000e+001
106  1.683000e+001
110  3.120000e+001
115  1.284000e+001
118  1.087000e+001
124  3.215000e+001
130  1.201000e+001
132  3.285000e+001
134  3.009000e+001
138  1.566000e+001
152  6.516000e+000
156  1.642000e+001
   37 
63  1.152000e+002
68  4.668000e+001
72  1.368000e+002
79  6.708000e+001
86  8.969000e+001
88  9.714000e+001
100  1.286000e+002
106  8.894000e+001
110  1.223000e+002
115  6.088000e+001
118  5.694000e+001
124  1.240000e+002
130  6.477000e+001
132  1.938000e+002
134  1.438000e+002
138  6.227000e+001
152  3.380000e+001
156  6.019000e+001
   38 
63  2.489000e+001
68  1.164000e+001
72  2.894000e+001
79  1.515000e+001
86  1.945000e+001
88  2.082000e+001
100  2.833000e+001
106  1.967000e+001
110  2.657000e+001
115  1.426000e+001
118  1.248000e+001
124  2.629000e+001
130  1.443000e+001
132  4.185000e+001
134  3.185000e+001
138  1.441000e+001
152  7.206000e+000
156  1.218000e+001
   39 
63  3.116000e+001
68  1.443000e+001
72  3.444000e+001
79  1.888000e+001
86  2.290000e+001
88  3.081000e+001
100  3.381000e+001
106  2.273000e+001
110  3.335000e+001
115  1.720000e+001
118  1.505000e+001
124  3.534000e+001
130  1.690000e+001
132  4.714000e+001
134  3.527000e+001
138  1.778000e+001
152  1.050000e+001
156  1.801000e+001
   40 
63  4.872000e+001
68  1.925000e+001
72  5.675000e+001
79  2.533000e+001
86  3.370000e+001
88  4.476000e+001
100  5.285000e+001
106  3.504000e+001
110  5.191000e+001
115  2.391000e+001
118  2.077000e+001
124  5.730000e+001
130  2.600000e+001
132  7.495000e+001
134  5.570000e+001
138  2.357000e+001
152  1.079000e+001
156  3.014000e+001
   41 
63  4.487000e+001
68  1.515000e+001
72  5.475000e+001
79  2.106000e+001
86  3.238000e+001
88  3.948000e+001
100  4.949000e+001
106  3.301000e+001
110  4.870000e+001
115  2.022000e+001
118  1.781000e+001
124  5.395000e+001
130  2.439000e+001
132  7.364000e+001
134  5.429000e+001
138  1.899000e+001
152  8.058000e+000
156  2.918000e+001
   42 
63  2.778000e+001
68  1.116000e+001
72  3.228000e+001
79  1.560000e+001
86  2.091000e+001
88  2.626000e+001
100  3.199000e+001
106  2.213000e+001
110  3.157000e+001
115  1.540000e+001
118  1.353000e+001
124  3.332000e+001
130  1.653000e+001
132  4.648000e+001
134  3.494000e+001
138  1.499000e+001
152  7.366000e+000
156  1.717000e+001
   43 
63  4.369000e+001
68  2.183000e+001
72  5.014000e+001
79  2.774000e+001
86  3.477000e+001
88  3.927000e+001
100  4.803000e+001
106  3.267000e+001
110  4.637000e+001
115  2.528000e+001
118  2.207000e+001
124  4.879000e+001
130  2.497000e+001
132  6.791000e+001
134  5.214000e+001
138  2.635000e+001
152  1.774000e+001
156  2.516000e+001
   44 
63  7.873000e+001
68  3.943000e+001
72  9.057000e+001
79  5.176000e+001
86  6.559000e+001
88  6.905000e+001
100  8.961000e+001
106  6.155000e+001
110  8.420000e+001
115  4.727000e+001
118  4.172000e+001
124  8.248000e+001
130  4.539000e+001
132  1.301000e+002
134  9.908000e+001
138  4.919000e+001
152  2.907000e+001
156  3.919000e+001
   45 
63  3.387000e+001
68  1.448000e+001
72  4.039000e+001
79  1.877000e+001
86  2.597000e+001
88  2.715000e+001
100  3.799000e+001
106  2.637000e+001
110  3.577000e+001
115  1.785000e+001
118  1.573000e+001
124  3.637000e+001
130  1.926000e+001
132  5.722000e+001
134  4.282000e+001
138  1.717000e+001
152  8.138000e+000
156  1.749000e+001
   46 
63  2.536000e+001
68  1.037000e+001
72  2.954000e+001
79  1.370000e+001
86  1.822000e+001
88  2.330000e+001
100  2.733000e+001
106  1.855000e+001
110  2.666000e+001
115  1.283000e+001
118  1.138000e+001
124  2.997000e+001
130  1.396000e+001
132  3.871000e+001
134  2.887000e+001
138  1.297000e+001
152  6.466000e+000
156  1.562000e+001
   47 
63  2.254000e+001
68  1.043000e+001
72  2.650000e+001
79  1.378000e+001
86  1.757000e+001
88  1.973000e+001
100  2.484000e+001
106  1.716000e+001
110  2.395000e+001
115  1.264000e+001
118  1.112000e+001
124  2.518000e+001
130  1.283000e+001
132  3.358000e+001
134  2.741000e+001
138  1.308000e+001
152  7.478000e+000
156  1.267000e+001
   48 
63  2.423000e+001
68  1.161000e+001
72  2.780000e+001
79  1.477000e+001
86  1.868000e+001
88  2.136000e+001
100  2.609000e+001
106  1.786000e+001
110  2.530000e+001
115  1.348000e+001
118  1.181000e+001
124  2.713000e+001
130  1.359000e+001
132  3.633000e+001
134  2.827000e+001
138  1.406000e+001
152  8.727000e+000
156  1.381000e+001
   49 
63  4.011000e+001
68  1.957000e+001
72  4.642000e+001
79  2.528000e+001
86  3.213000e+001
88  3.491000e+001
100  4.456000e+001
106  3.072000e+001
110  4.261000e+001
115  2.315000e+001
118  2.019000e+001
124  4.389000e+001
130  2.283000e+001
132  6.462000e+001
134  4.923000e+001
138  2.398000e+001
152  1.449000e+001
156  2.150000e+001
   50 
63  1.560000e+002
68  8.361000e+001
72  1.382000e+002
79  1.371000e+002
86  1.129000e+002
88  1.649000e+002
100  1.629000e+002
106  9.799000e+001
110  1.706000e+002
115  9.289000e+001
118  7.454000e+001
124  1.671000e+002
130  7.288000e+001
132  1.746000e+002
134  1.718000e+002
138  1.190000e+002
152  6.561000e+001
156  7.814000e+001
   51 
63  9.808000e+001
68  5.054000e+001
72  1.072000e+002
79  6.297000e+001
86  8.032000e+001
88  8.415000e+001
100  1.065000e+002
106  7.364000e+001
110  1.010000e+002
115  5.759000e+001
118  5.031000e+001
124  1.005000e+002
130  5.588000e+001
132  1.521000e+002
134  1.147000e+002
138  6.013000e+001
152  3.956000e+001
156  4.919000e+001
   52 
63  2.684000e+001
68  1.053000e+001
72  3.010000e+001
79  1.415000e+001
86  1.834000e+001
88  2.736000e+001
100  2.876000e+001
106  1.878000e+001
110  2.926000e+001
115  1.313000e+001
118  1.151000e+001
124  3.319000e+001
130  1.382000e+001
132  3.868000e+001
134  2.948000e+001
138  1.309000e+001
152  6.356000e+000
156  1.753000e+001
   53 
63  2.092000e+001
68  1.826000e+001
72  2.078000e+001
79  2.451000e+001
86  2.134000e+001
88  2.389000e+001
100  2.422000e+001
106  1.954000e+001
110  2.350000e+001
115  1.975000e+001
118  1.759000e+001
124  2.365000e+001
130  1.823000e+001
132  2.448000e+001
134  2.354000e+001
138  2.244000e+001
152  1.612000e+001
156  1.451000e+001
   54 
63  2.310000e+001
68  9.450000e+000
72  2.632000e+001
79  1.231000e+001
86  1.576000e+001
88  2.270000e+001
100  2.505000e+001
106  1.650000e+001
110  2.500000e+001
115  1.158000e+001
118  1.015000e+001
124  2.843000e+001
130  1.227000e+001
132  3.426000e+001
134  2.588000e+001
138  1.146000e+001
152  5.588000e+000
156  1.481000e+001
   55 
63  2.561000e+001
68  1.242000e+001
72  2.935000e+001
79  1.620000e+001
86  2.061000e+001
88  2.221000e+001
100  2.836000e+001
106  1.980000e+001
110  2.703000e+001
115  1.482000e+001
118  1.300000e+001
124  2.708000e+001
130  1.471000e+001
132  3.827000e+001
134  3.001000e+001
138  1.538000e+001
152  9.025000e+000
156  1.357000e+001
   56 
63  2.304000e+001
68  1.089000e+001
72  2.693000e+001
79  1.400000e+001
86  1.781000e+001
88  2.041000e+001
100  2.513000e+001
106  1.729000e+001
110  2.433000e+001
115  1.287000e+001
118  1.131000e+001
124  2.600000e+001
130  1.298000e+001
132  3.522000e+001
134  2.733000e+001
138  1.330000e+001
152  8.013000e+000
156  1.328000e+001
   57 
63  2.795000e+001
68  1.144000e+001
72  3.023000e+001
79  1.605000e+001
86  1.982000e+001
88  2.951000e+001
100  2.929000e+001
106  1.890000e+001
110  3.021000e+001
115  1.411000e+001
118  1.235000e+001
124  3.334000e+001
130  1.384000e+001
132  3.779000e+001
134  2.949000e+001
138  1.494000e+001
152  7.838000e+000
156  1.742000e+001
   58 
63  4.345000e+001
68  2.090000e+001
72  4.900000e+001
79  2.809000e+001
86  3.512000e+001
88  3.839000e+001
100  4.979000e+001
106  3.457000e+001
110  4.651000e+001
115  2.614000e+001
118  2.277000e+001
124  4.529000e+001
130  2.523000e+001
132  7.210000e+001
134  5.517000e+001
138  2.669000e+001
152  1.446000e+001
156  2.071000e+001
   59 
63  1.883000e+001
68  8.646000e+000
72  2.221000e+001
79  1.138000e+001
86  1.465000e+001
88  1.616000e+001
100  2.193000e+001
106  1.518000e+001
110  2.087000e+001
115  1.089000e+001
118  9.549000e+000
124  2.104000e+001
130  1.122000e+001
132  2.969000e+001
134  2.385000e+001
138  1.084000e+001
152  5.313000e+000
156  1.011000e+001
   60 
63  2.456000e+001
68  1.183000e+001
72  2.845000e+001
79  1.575000e+001
86  2.007000e+001
88  2.149000e+001
100  2.784000e+001
106  1.938000e+001
110  2.630000e+001
115  1.452000e+001
118  1.272000e+001
124  2.590000e+001
130  1.414000e+001
132  3.974000e+001
134  2.983000e+001
138  1.493000e+001
152  8.474000e+000
156  1.259000e+001
   61 
63  2.984000e+001
68  1.407000e+001
72  3.190000e+001
79  1.813000e+001
86  2.229000e+001
88  3.084000e+001
100  3.108000e+001
106  2.025000e+001
110  3.178000e+001
115  1.612000e+001
118  1.403000e+001
124  3.500000e+001
130  1.531000e+001
132  3.994000e+001
134  3.111000e+001
138  1.708000e+001
152  1.150000e+001
156  1.835000e+001
   62 
63  5.567000e+001
68  2.653000e+001
72  6.641000e+001
79  3.505000e+001
86  4.391000e+001
88  4.919000e+001
100  6.294000e+001
106  4.318000e+001
110  6.046000e+001
115  3.204000e+001
118  2.809000e+001
124  6.236000e+001
130  3.152000e+001
132  9.236000e+001
134  6.944000e+001
138  3.298000e+001
152  1.912000e+001
156  3.063000e+001
   63 
63  3.455000e+001
68  1.595000e+001
72  4.112000e+001
79  2.134000e+001
86  2.681000e+001
88  3.045000e+001
100  3.878000e+001
106  2.667000e+001
110  3.734000e+001
115  1.963000e+001
118  1.732000e+001
124  3.920000e+001
130  1.984000e+001
132  5.665000e+001
134  4.293000e+001
138  2.021000e+001
152  1.128000e+001
156  1.942000e+001
   64 
63  8.963000e+001
68  1.723000e+001
72  1.010000e+002
79  3.590000e+001
86  6.936000e+001
88  8.117000e+001
100  9.041000e+001
106  5.770000e+001
110  8.818000e+001
115  3.057000e+001
118  2.869000e+001
124  9.370000e+001
130  4.154000e+001
132  1.274000e+002
134  9.812000e+001
138  3.457000e+001
152  1.665000e+001
156  5.148000e+001
   65 
63  3.370000e+001
68  1.226000e+001
72  3.849000e+001
79  1.732000e+001
86  2.401000e+001
88  3.269000e+001
100  3.731000e+001
106  2.453000e+001
110  3.710000e+001
115  1.671000e+001
118  1.483000e+001
124  4.162000e+001
130  1.817000e+001
132  5.111000e+001
134  3.912000e+001
138  1.624000e+001
152  7.862000e+000
156  2.166000e+001
   66 
63  2.119000e+001
68  9.343000e+000
72  2.532000e+001
79  1.239000e+001
86  1.631000e+001
88  1.835000e+001
100  2.402000e+001
106  1.669000e+001
110  2.303000e+001
115  1.182000e+001
118  1.048000e+001
124  2.407000e+001
130  1.239000e+001
132  3.448000e+001
134  2.682000e+001
138  1.182000e+001
152  5.944000e+000
156  1.198000e+001
   67 
63  2.391000e+001
68  1.077000e+001
72  2.838000e+001
79  1.405000e+001
86  1.854000e+001
88  1.987000e+001
100  2.738000e+001
106  1.900000e+001
110  2.600000e+001
115  1.339000e+001
118  1.179000e+001
124  2.624000e+001
130  1.396000e+001
132  4.079000e+001
134  3.114000e+001
138  1.319000e+001
152  6.539000e+000
156  1.251000e+001
   68 
63  8.800000e+001
68  4.404000e+001
72  9.630000e+001
79  5.653000e+001
86  7.180000e+001
88  7.574000e+001
100  9.657000e+001
106  6.685000e+001
110  9.067000e+001
115  5.152000e+001
118  4.486000e+001
124  8.893000e+001
130  5.015000e+001
132  1.389000e+002
134  1.052000e+002
138  5.359000e+001
152  3.294000e+001
156  4.212000e+001
   69 
63  2.947000e+001
68  1.516000e+001
72  3.333000e+001
79  1.899000e+001
86  2.439000e+001
88  2.651000e+001
100  3.227000e+001
106  2.230000e+001
110  3.089000e+001
115  1.742000e+001
118  1.524000e+001
124  3.156000e+001
130  1.712000e+001
132  4.400000e+001
134  3.335000e+001
138  1.812000e+001
152  1.285000e+001
156  1.724000e+001
   70 
63  1.592000e+002
68  7.197000e+001
72  1.909000e+002
79  1.005000e+002
86  1.262000e+002
88  1.404000e+002
100  1.787000e+002
106  1.207000e+002
110  1.728000e+002
115  3.274000e+001
118  4.963000e+001
124  1.629000e+002
130  6.914000e+001
132  2.663000e+002
134  1.878000e+002
138  8.939000e+001
152  5.538000e+001
156  8.617000e+001
   71 
63  2.365000e+001
68  1.164000e+001
72  2.727000e+001
79  1.462000e+001
86  1.916000e+001
88  2.035000e+001
100  2.543000e+001
106  1.777000e+001
110  2.443000e+001
115  1.344000e+001
118  1.182000e+001
124  2.544000e+001
130  1.353000e+001
132  3.344000e+001
134  2.788000e+001
138  1.394000e+001
152  9.188000e+000
156  1.325000e+001
   72 
63  4.315000e+001
68  2.027000e+001
72  4.937000e+001
79  2.661000e+001
86  3.360000e+001
88  3.843000e+001
100  4.773000e+001
106  3.304000e+001
110  4.575000e+001
115  2.438000e+001
118  2.159000e+001
124  4.821000e+001
130  2.477000e+001
132  6.840000e+001
134  5.201000e+001
138  2.519000e+001
152  1.498000e+001
156  2.383000e+001
   73 
63  4.713000e+001
68  2.168000e+001
72  5.536000e+001
79  2.966000e+001
86  3.752000e+001
88  4.126000e+001
100  5.488000e+001
106  3.789000e+001
110  5.198000e+001
115  2.751000e+001
118  2.419000e+001
124  5.168000e+001
130  2.731000e+001
132  8.051000e+001
134  6.120000e+001
138  2.815000e+001
152  1.371000e+001
156  2.372000e+001
   74 
63  2.443000e+001
68  1.179000e+001
72  2.860000e+001
79  1.533000e+001
86  1.936000e+001
88  2.109000e+001
100  2.711000e+001
106  1.877000e+001
110  2.596000e+001
115  1.407000e+001
118  1.233000e+001
124  2.669000e+001
130  1.396000e+001
132  3.877000e+001
134  3.013000e+001
138  1.458000e+001
152  8.501000e+000
156  1.316000e+001
   75 
63  1.701000e+002
68  7.776000e+001
72  1.960000e+002
79  4.757000e+001
86  1.379000e+002
88  9.753000e+001
100  1.345000e+002
106  1.225000e+002
110  1.059000e+002
115  3.620000e+001
118  4.674000e+001
124  1.200000e+002
130  6.485000e+001
132  2.648000e+002
134  1.460000e+002
138  9.934000e+001
152  6.039000e+001
156  8.508000e+001
   76 
63  2.258000e+001
68  1.027000e+001
72  2.571000e+001
79  1.359000e+001
86  1.766000e+001
88  1.932000e+001
100  2.554000e+001
106  1.773000e+001
110  2.389000e+001
115  1.278000e+001
118  1.126000e+001
124  2.363000e+001
130  1.306000e+001
132  3.291000e+001
134  2.704000e+001
138  1.290000e+001
152  6.209000e+000
156  1.140000e+001
   77 
63  6.365000e+001
68  2.626000e+001
72  7.687000e+001
79  3.444000e+001
86  4.852000e+001
88  5.100000e+001
100  7.226000e+001
106  4.960000e+001
110  6.804000e+001
115  3.253000e+001
118  2.917000e+001
124  6.947000e+001
130  3.619000e+001
132  1.088000e+002
134  8.088000e+001
138  3.167000e+001
152  1.463000e+001
156  3.397000e+001
   78 
63  3.424000e+001
68  1.543000e+001
72  4.074000e+001
79  2.033000e+001
86  2.636000e+001
88  2.948000e+001
100  3.905000e+001
106  2.694000e+001
110  3.746000e+001
115  1.928000e+001
118  1.680000e+001
124  3.860000e+001
130  2.000000e+001
132  5.766000e+001
134  4.392000e+001
138  1.933000e+001
152  9.567000e+000
156  1.862000e+001
   79 
63  3.656000e+001
68  1.802000e+001
72  3.746000e+001
79  2.369000e+001
86  2.849000e+001
88  3.872000e+001
100  3.762000e+001
106  2.418000e+001
110  3.932000e+001
115  2.029000e+001
118  1.756000e+001
124  4.191000e+001
130  1.869000e+001
132  4.591000e+001
134  3.752000e+001
138  2.202000e+001
152  1.594000e+001
156  2.213000e+001
   80 
63  2.159000e+001
68  1.003000e+001
72  2.524000e+001
79  1.405000e+001
86  1.783000e+001
88  1.978000e+001
100  2.508000e+001
106  1.732000e+001
110  2.399000e+001
115  1.310000e+001
118  1.152000e+001
124  2.407000e+001
130  1.284000e+001
132  3.478000e+001
134  2.803000e+001
138  1.350000e+001
152  7.862000e+000
156  1.216000e+001
   81 
63  3.452000e+001
68  1.676000e+001
72  3.932000e+001
79  2.168000e+001
86  2.797000e+001
88  2.960000e+001
100  3.796000e+001
106  2.639000e+001
110  3.587000e+001
115  1.986000e+001
118  1.741000e+001
124  3.568000e+001
130  1.951000e+001
132  5.565000e+001
134  4.210000e+001
138  2.056000e+001
152  1.229000e+001
156  1.754000e+001
   82 
63  9.823000e+001
68  3.957000e+001
72  1.132000e+002
79  5.625000e+001
86  7.562000e+001
88  8.199000e+001
100  1.096000e+002
106  7.670000e+001
110  1.037000e+002
115  5.177000e+001
118  4.732000e+001
124  1.034000e+002
130  5.475000e+001
132  1.628000e+002
134  1.222000e+002
138  5.200000e+001
152  2.222000e+001
156  4.771000e+001
   83 
63  2.064000e+001
68  9.249000e+000
72  2.445000e+001
79  1.226000e+001
86  1.628000e+001
88  1.762000e+001
100  2.368000e+001
106  1.653000e+001
110  2.241000e+001
115  1.178000e+001
118  1.041000e+001
124  2.264000e+001
130  1.210000e+001
132  3.244000e+001
134  2.569000e+001
138  1.176000e+001
152  5.830000e+000
156  1.102000e+001
   84 
63  4.824000e+001
68  2.318000e+001
72  4.657000e+001
79  3.643000e+001
86  3.607000e+001
88  4.996000e+001
100  5.042000e+001
106  3.129000e+001
110  5.366000e+001
115  2.703000e+001
118  2.279000e+001
124  5.398000e+001
130  2.298000e+001
132  5.948000e+001
134  5.239000e+001
138  3.275000e+001
152  1.910000e+001
156  2.544000e+001
   85 
63  2.867000e+001
68  1.222000e+001
72  3.389000e+001
79  1.635000e+001
86  2.118000e+001
88  2.576000e+001
100  3.224000e+001
106  2.201000e+001
110  3.120000e+001
115  1.557000e+001
118  1.377000e+001
124  3.392000e+001
130  1.645000e+001
132  4.675000e+001
134  3.526000e+001
138  1.565000e+001
152  7.791000e+000
156  1.681000e+001
   86 
63  2.165000e+001
68  1.029000e+001
72  2.533000e+001
79  1.367000e+001
86  1.711000e+001
88  1.874000e+001
100  2.482000e+001
106  1.726000e+001
110  2.334000e+001
115  1.276000e+001
118  1.121000e+001
124  2.305000e+001
130  1.278000e+001
132  3.238000e+001
134  2.631000e+001
138  1.299000e+001
152  6.449000e+000
156  1.085000e+001
   87 
63  2.422000e+001
68  1.292000e+001
72  2.670000e+001
79  1.606000e+001
86  2.044000e+001
88  2.107000e+001
100  2.639000e+001
106  1.829000e+001
110  2.491000e+001
115  1.469000e+001
118  1.284000e+001
124  2.475000e+001
130  1.408000e+001
132  3.236000e+001
134  2.757000e+001
138  1.536000e+001
152  1.091000e+001
156  1.300000e+001
   88 
63  4.020000e+001
68  1.811000e+001
72  4.697000e+001
79  2.339000e+001
86  3.102000e+001
88  3.268000e+001
100  4.583000e+001
106  3.152000e+001
110  4.284000e+001
115  2.229000e+001
118  1.948000e+001
124  4.250000e+001
130  2.291000e+001
132  6.774000e+001
134  5.172000e+001
138  2.170000e+001
152  1.090000e+001
156  1.969000e+001
   89 
63  2.579000e+001
68  1.070000e+001
72  2.984000e+001
79  1.409000e+001
86  1.806000e+001
88  2.445000e+001
100  2.824000e+001
106  1.879000e+001
110  2.778000e+001
115  1.325000e+001
118  1.159000e+001
124  3.126000e+001
130  1.400000e+001
132  3.938000e+001
134  2.967000e+001
138  1.330000e+001
152  6.383000e+000
156  1.602000e+001
   90 
63  1.340000e+002
68  3.761000e+001
72  1.900000e+002
79  4.286000e+001
86  1.351000e+002
88  9.362000e+001
100  1.222000e+002
106  1.117000e+002
110  1.052000e+002
115  2.750000e+001
118  4.334000e+001
124  1.287000e+002
130  5.964000e+001
132  2.498000e+002
134  1.441000e+002
138  3.617000e+001
152  3.661000e+001
156  8.741000e+001
   91 
63  9.436000e+001
68  8.876000e+000
72  1.033000e+002
79  3.362000e+001
86  7.279000e+001
88  8.388000e+001
100  8.679000e+001
106  5.323000e+001
110  8.601000e+001
115  1.500000e+001
118  1.261000e+001
124  9.283000e+001
130  3.749000e+001
132  1.211000e+002
134  9.474000e+001
138  3.024000e+001
152  1.272000e+001
156  5.328000e+001
   92 
63  1.474000e+002
68  6.840000e+001
72  1.703000e+002
79  9.018000e+001
86  1.130000e+002
88  1.227000e+002
100  1.673000e+002
106  1.137000e+002
110  1.569000e+002
115  7.694000e+001
118  6.604000e+001
124  1.548000e+002
130  8.125000e+001
132  2.505000e+002
134  1.864000e+002
138  7.985000e+001
152  4.154000e+001
156  6.831000e+001
   93 
63  3.593000e+001
68  1.629000e+001
72  3.886000e+001
79  2.244000e+001
86  2.768000e+001
88  3.339000e+001
100  3.945000e+001
106  2.649000e+001
110  3.795000e+001
115  2.005000e+001
118  1.745000e+001
124  3.789000e+001
130  1.915000e+001
132  5.518000e+001
134  4.273000e+001
138  2.097000e+001
152  1.123000e+001
156  1.922000e+001
   94 
63  1.147000e+002
68  5.322000e+001
72  1.230000e+002
79  6.748000e+001
86  8.478000e+001
88  1.061000e+002
100  1.205000e+002
106  7.927000e+001
110  1.183000e+002
115  6.083000e+001
118  5.332000e+001
124  1.235000e+002
130  5.933000e+001
132  1.638000e+002
134  1.225000e+002
138  6.361000e+001
152  4.015000e+001
156  6.335000e+001
   95 
63  2.266000e+001
68  1.214000e+001
72  2.540000e+001
79  1.511000e+001
86  1.958000e+001
88  1.968000e+001
100  2.479000e+001
106  1.730000e+001
110  2.357000e+001
115  1.384000e+001
118  1.210000e+001
124  2.245000e+001
130  1.320000e+001
132  2.948000e+001
134  2.528000e+001
138  1.445000e+001
152  1.032000e+001
156  1.202000e+001
   96 
63  3.651000e+001
68  1.811000e+001
72  4.230000e+001
79  2.282000e+001
86  2.974000e+001
88  3.153000e+001
100  3.976000e+001
106  2.764000e+001
110  3.808000e+001
115  2.098000e+001
118  1.851000e+001
124  3.920000e+001
130  2.089000e+001
132  5.796000e+001
134  4.384000e+001
138  2.176000e+001
152  1.431000e+001
156  2.014000e+001
   97 
63  2.368000e+001
68  1.021000e+001
72  2.786000e+001
79  1.352000e+001
86  1.726000e+001
88  2.166000e+001
100  2.638000e+001
106  1.787000e+001
110  2.573000e+001
115  1.275000e+001
118  1.117000e+001
124  2.817000e+001
130  1.341000e+001
132  3.758000e+001
134  2.847000e+001
138  1.285000e+001
152  6.453000e+000
156  1.428000e+001
   98 
63  2.871000e+001
68  1.310000e+001
72  2.859000e+001
79  1.909000e+001
86  2.122000e+001
88  3.071000e+001
100  2.924000e+001
106  1.839000e+001
110  3.143000e+001
115  1.521000e+001
118  1.308000e+001
124  3.253000e+001
130  1.374000e+001
132  3.476000e+001
134  2.978000e+001
138  1.727000e+001
152  1.069000e+001
156  1.679000e+001
   99 
63  6.218000e+001
68  2.650000e+001
72  6.877000e+001
79  3.711000e+001
86  4.467000e+001
88  6.285000e+001
100  6.814000e+001
106  4.433000e+001
110  6.805000e+001
115  3.363000e+001
118  2.897000e+001
124  7.273000e+001
130  3.231000e+001
132  9.208000e+001
134  6.955000e+001
138  3.475000e+001
152  1.915000e+001
156  3.714000e+001
   100 
63  3.683000e+001
68  1.883000e+001
72  4.088000e+001
79  2.322000e+001
86  3.016000e+001
88  3.366000e+001
100  3.894000e+001
106  2.681000e+001
110  3.822000e+001
115  2.116000e+001
118  1.855000e+001
124  4.108000e+001
130  2.096000e+001
132  5.396000e+001
134  4.100000e+001
138  2.218000e+001
152  1.661000e+001
156  2.146000e+001
