   1 
3  5.425000e+001
4  6.101000e+001
8  2.603000e+001
11  4.323000e+001
20  3.403000e+001
22  3.475000e+001
30  3.173000e+001
33  2.671000e+001
51  4.401000e+001
56  2.324000e+001
63  6.176000e+001
68  2.448000e+001
72  5.693000e+001
79  3.047000e+001
86  4.002000e+001
88  5.296000e+001
100  4.714000e+001
106  4.114000e+001
110  4.665000e+001
115  2.584000e+001
118  2.292000e+001
124  4.768000e+001
130  2.705000e+001
132  6.721000e+001
134  5.022000e+001
138  2.617000e+001
152  2.284000e+001
156  3.123000e+001
   2 
3  5.488000e+001
4  6.289000e+001
8  2.549000e+001
11  4.205000e+001
20  3.441000e+001
22  3.485000e+001
30  3.154000e+001
33  2.641000e+001
51  4.361000e+001
56  2.206000e+001
63  6.155000e+001
68  2.374000e+001
72  5.584000e+001
79  2.978000e+001
86  3.841000e+001
88  5.389000e+001
100  4.724000e+001
106  4.044000e+001
110  4.640000e+001
115  2.530000e+001
118  2.225000e+001
124  4.816000e+001
130  2.597000e+001
132  6.640000e+001
134  4.938000e+001
138  2.514000e+001
152  2.140000e+001
156  3.010000e+001
   3 
3  3.852000e+001
4  4.310000e+001
8  1.843000e+001
11  3.028000e+001
20  2.468000e+001
22  2.528000e+001
30  2.226000e+001
33  1.905000e+001
51  2.973000e+001
56  1.588000e+001
63  4.386000e+001
68  1.698000e+001
72  4.031000e+001
79  2.139000e+001
86  2.789000e+001
88  3.657000e+001
100  3.316000e+001
106  2.974000e+001
110  3.250000e+001
115  1.822000e+001
118  1.617000e+001
124  3.190000e+001
130  1.908000e+001
132  4.914000e+001
134  3.630000e+001
138  1.797000e+001
152  1.533000e+001
156  2.043000e+001
   4 
3  5.207000e+001
4  6.030000e+001
8  2.180000e+001
11  4.081000e+001
20  3.270000e+001
22  3.391000e+001
30  2.837000e+001
33  2.427000e+001
51  3.697000e+001
56  1.641000e+001
63  5.749000e+001
68  1.777000e+001
72  5.381000e+001
79  2.365000e+001
86  3.312000e+001
88  4.830000e+001
100  4.304000e+001
106  4.013000e+001
110  4.170000e+001
115  2.097000e+001
118  1.887000e+001
124  4.202000e+001
130  2.411000e+001
132  6.849000e+001
134  4.852000e+001
138  1.823000e+001
152  1.470000e+001
156  2.569000e+001
   5 
3  8.616000e+001
4  9.923000e+001
8  3.345000e+001
11  6.744000e+001
20  5.471000e+001
22  5.707000e+001
30  4.735000e+001
33  3.959000e+001
51  6.214000e+001
56  2.409000e+001
63  9.259000e+001
68  2.487000e+001
72  8.563000e+001
79  3.650000e+001
86  5.468000e+001
88  7.900000e+001
100  7.041000e+001
106  6.587000e+001
110  6.794000e+001
115  3.221000e+001
118  2.914000e+001
124  6.627000e+001
130  3.890000e+001
132  1.126000e+002
134  8.034000e+001
138  2.766000e+001
152  1.825000e+001
156  4.023000e+001
   6 
3  3.695000e+001
4  4.281000e+001
8  1.611000e+001
11  2.847000e+001
20  2.345000e+001
22  2.415000e+001
30  2.065000e+001
33  1.756000e+001
51  2.669000e+001
56  1.254000e+001
63  4.104000e+001
68  1.365000e+001
72  3.778000e+001
79  1.816000e+001
86  2.425000e+001
88  3.488000e+001
100  3.115000e+001
106  2.818000e+001
110  3.037000e+001
115  1.576000e+001
118  1.404000e+001
124  3.024000e+001
130  1.724000e+001
132  4.764000e+001
134  3.448000e+001
138  1.450000e+001
152  1.150000e+001
156  1.833000e+001
   7 
3  4.252000e+001
4  4.975000e+001
8  1.752000e+001
11  3.282000e+001
20  2.599000e+001
22  2.678000e+001
30  2.315000e+001
33  1.930000e+001
51  3.147000e+001
56  1.354000e+001
63  4.622000e+001
68  1.476000e+001
72  4.310000e+001
79  1.980000e+001
86  2.705000e+001
88  4.090000e+001
100  3.556000e+001
106  3.152000e+001
110  3.465000e+001
115  1.715000e+001
118  1.523000e+001
124  3.614000e+001
130  1.919000e+001
132  5.327000e+001
134  3.818000e+001
138  1.565000e+001
152  1.237000e+001
156  2.223000e+001
   8 
3  4.153000e+001
4  4.878000e+001
8  1.648000e+001
11  3.281000e+001
20  2.462000e+001
22  2.549000e+001
30  2.226000e+001
33  1.833000e+001
51  3.177000e+001
56  1.271000e+001
63  4.457000e+001
68  1.384000e+001
72  4.201000e+001
79  1.859000e+001
86  2.625000e+001
88  4.086000e+001
100  3.467000e+001
106  3.027000e+001
110  3.372000e+001
115  1.621000e+001
118  1.446000e+001
124  3.611000e+001
130  1.849000e+001
132  5.067000e+001
134  3.609000e+001
138  1.459000e+001
152  1.155000e+001
156  2.335000e+001
   9 
3  6.227000e+001
4  7.089000e+001
8  2.647000e+001
11  4.826000e+001
20  3.807000e+001
22  3.860000e+001
30  3.489000e+001
33  2.859000e+001
51  4.839000e+001
56  2.130000e+001
63  6.611000e+001
68  2.342000e+001
72  6.069000e+001
79  3.104000e+001
86  4.052000e+001
88  6.051000e+001
100  5.261000e+001
106  4.465000e+001
110  5.090000e+001
115  2.641000e+001
118  2.317000e+001
124  5.291000e+001
130  2.783000e+001
132  7.397000e+001
134  5.409000e+001
138  2.506000e+001
152  1.983000e+001
156  3.408000e+001
   10 
3  3.340000e+001
4  3.896000e+001
8  1.407000e+001
11  2.645000e+001
20  2.028000e+001
22  2.092000e+001
30  1.841000e+001
33  1.517000e+001
51  2.577000e+001
56  1.095000e+001
63  3.700000e+001
68  1.196000e+001
72  3.472000e+001
79  1.602000e+001
86  2.214000e+001
88  3.256000e+001
100  2.839000e+001
106  2.510000e+001
110  2.769000e+001
115  1.379000e+001
118  1.224000e+001
124  2.906000e+001
130  1.553000e+001
132  4.198000e+001
134  3.037000e+001
138  1.292000e+001
152  1.006000e+001
156  1.858000e+001
   11 
3  9.254000e+001
4  1.078000e+002
8  3.918000e+001
11  7.121000e+001
20  5.639000e+001
22  5.758000e+001
30  5.140000e+001
33  4.244000e+001
51  7.161000e+001
56  3.169000e+001
63  1.002000e+002
68  3.450000e+001
72  9.244000e+001
79  4.569000e+001
86  6.106000e+001
88  9.077000e+001
100  7.787000e+001
106  6.759000e+001
110  7.631000e+001
115  3.896000e+001
118  3.445000e+001
124  8.007000e+001
130  4.220000e+001
132  1.114000e+002
134  8.118000e+001
138  3.725000e+001
152  2.998000e+001
156  5.066000e+001
   12 
3  8.194000e+001
4  9.332000e+001
8  3.790000e+001
11  6.499000e+001
20  4.983000e+001
22  5.037000e+001
30  4.790000e+001
33  3.923000e+001
51  6.935000e+001
56  3.426000e+001
63  8.888000e+001
68  3.606000e+001
72  8.206000e+001
79  4.509000e+001
86  5.968000e+001
88  8.320000e+001
100  7.145000e+001
106  5.852000e+001
110  6.995000e+001
115  3.797000e+001
118  3.333000e+001
124  7.394000e+001
130  3.851000e+001
132  9.347000e+001
134  7.075000e+001
138  3.886000e+001
152  3.392000e+001
156  4.989000e+001
   13 
3  4.732000e+001
4  5.424000e+001
8  2.123000e+001
11  3.631000e+001
20  3.025000e+001
22  3.098000e+001
30  2.682000e+001
33  2.274000e+001
51  3.449000e+001
56  1.669000e+001
63  5.294000e+001
68  1.831000e+001
72  4.849000e+001
79  2.425000e+001
86  3.174000e+001
88  4.460000e+001
100  4.016000e+001
106  3.611000e+001
110  3.910000e+001
115  2.080000e+001
118  1.842000e+001
124  3.846000e+001
130  2.220000e+001
132  6.085000e+001
134  4.434000e+001
138  1.961000e+001
152  1.550000e+001
156  2.319000e+001
   14 
3  1.004000e+002
4  1.104000e+002
8  4.862000e+001
11  7.689000e+001
20  6.507000e+001
22  6.607000e+001
30  5.857000e+001
33  4.996000e+001
51  7.606000e+001
56  4.185000e+001
63  1.122000e+002
68  4.467000e+001
72  1.015000e+002
79  5.651000e+001
86  7.187000e+001
88  9.381000e+001
100  8.628000e+001
106  7.610000e+001
110  8.395000e+001
115  4.788000e+001
118  4.183000e+001
124  8.125000e+001
130  4.899000e+001
132  1.259000e+002
134  9.362000e+001
138  4.729000e+001
152  4.021000e+001
156  4.957000e+001
   15 
3  7.181000e+001
4  8.062000e+001
8  3.496000e+001
11  5.529000e+001
20  4.624000e+001
22  4.694000e+001
30  4.221000e+001
33  3.592000e+001
51  5.586000e+001
56  3.058000e+001
63  8.037000e+001
68  3.281000e+001
72  7.375000e+001
79  4.085000e+001
86  5.241000e+001
88  6.830000e+001
100  6.221000e+001
106  5.423000e+001
110  6.113000e+001
115  3.455000e+001
118  3.036000e+001
124  6.063000e+001
130  3.529000e+001
132  8.993000e+001
134  6.751000e+001
138  3.505000e+001
152  3.032000e+001
156  3.782000e+001
   16 
3  5.249000e+001
4  5.827000e+001
8  2.521000e+001
11  4.045000e+001
20  3.386000e+001
22  3.430000e+001
30  3.064000e+001
33  2.596000e+001
51  4.026000e+001
56  2.183000e+001
63  5.923000e+001
68  2.332000e+001
72  5.366000e+001
79  2.954000e+001
86  3.798000e+001
88  4.937000e+001
100  4.531000e+001
106  3.979000e+001
110  4.422000e+001
115  2.496000e+001
118  2.195000e+001
124  4.296000e+001
130  2.554000e+001
132  6.624000e+001
134  4.937000e+001
138  2.491000e+001
152  2.107000e+001
156  2.679000e+001
   17 
3  7.292000e+001
4  8.389000e+001
8  3.186000e+001
11  5.618000e+001
20  4.568000e+001
22  4.700000e+001
30  4.053000e+001
33  3.423000e+001
51  5.349000e+001
56  2.509000e+001
63  8.124000e+001
68  2.726000e+001
72  7.487000e+001
79  3.644000e+001
86  4.852000e+001
88  6.905000e+001
100  6.143000e+001
106  5.540000e+001
110  6.007000e+001
115  3.137000e+001
118  2.780000e+001
124  6.054000e+001
130  3.383000e+001
132  9.372000e+001
134  6.786000e+001
138  2.944000e+001
152  2.352000e+001
156  3.660000e+001
   18 
3  4.604000e+001
4  5.035000e+001
8  3.136000e+001
11  3.195000e+001
20  4.140000e+001
22  3.598000e+001
30  3.791000e+001
33  2.819000e+001
51  3.808000e+001
56  2.222000e+001
63  4.181000e+001
68  2.608000e+001
72  3.274000e+001
79  3.993000e+001
86  3.479000e+001
88  4.262000e+001
100  4.351000e+001
106  3.026000e+001
110  4.216000e+001
115  2.750000e+001
118  2.086000e+001
124  3.884000e+001
130  2.295000e+001
132  3.673000e+001
134  4.037000e+001
138  3.192000e+001
152  2.296000e+001
156  2.309000e+001
   19 
3  6.381000e+001
4  7.285000e+001
8  2.800000e+001
11  4.851000e+001
20  4.097000e+001
22  4.195000e+001
30  3.572000e+001
33  3.054000e+001
51  4.469000e+001
56  2.157000e+001
63  6.986000e+001
68  2.353000e+001
72  6.402000e+001
79  3.142000e+001
86  4.128000e+001
88  5.888000e+001
100  5.329000e+001
106  4.837000e+001
110  5.155000e+001
115  2.716000e+001
118  2.418000e+001
124  5.022000e+001
130  2.923000e+001
132  8.242000e+001
134  5.953000e+001
138  2.488000e+001
152  1.964000e+001
156  2.944000e+001
   20 
3  8.173000e+001
4  9.352000e+001
8  3.596000e+001
11  6.338000e+001
20  5.166000e+001
22  5.323000e+001
30  4.559000e+001
33  3.878000e+001
51  5.962000e+001
56  2.802000e+001
63  9.077000e+001
68  3.061000e+001
72  8.425000e+001
79  4.066000e+001
86  5.437000e+001
88  7.644000e+001
100  6.901000e+001
106  6.272000e+001
110  6.715000e+001
115  3.508000e+001
118  3.109000e+001
124  6.617000e+001
130  3.839000e+001
132  1.056000e+002
134  7.641000e+001
138  3.255000e+001
152  2.565000e+001
156  4.077000e+001
   21 
3  4.011000e+001
4  4.626000e+001
8  1.671000e+001
11  3.118000e+001
20  2.543000e+001
22  2.638000e+001
30  2.211000e+001
33  1.884000e+001
51  2.825000e+001
56  1.238000e+001
63  4.371000e+001
68  1.347000e+001
72  4.053000e+001
79  1.807000e+001
86  2.508000e+001
88  3.679000e+001
100  3.304000e+001
106  3.068000e+001
110  3.191000e+001
115  1.600000e+001
118  1.442000e+001
124  3.186000e+001
130  1.867000e+001
132  5.238000e+001
134  3.715000e+001
138  1.363000e+001
152  1.100000e+001
156  1.952000e+001
   22 
3  6.070000e+001
4  6.679000e+001
8  2.691000e+001
11  4.438000e+001
20  3.635000e+001
22  3.590000e+001
30  3.597000e+001
33  2.804000e+001
51  5.148000e+001
56  2.397000e+001
63  6.225000e+001
68  2.556000e+001
72  5.443000e+001
79  3.498000e+001
86  4.315000e+001
88  6.096000e+001
100  5.290000e+001
106  3.949000e+001
110  5.151000e+001
115  2.751000e+001
118  2.360000e+001
124  5.124000e+001
130  2.604000e+001
132  6.271000e+001
134  5.217000e+001
138  2.940000e+001
152  2.360000e+001
156  3.426000e+001
   23 
3  4.719000e+001
4  5.354000e+001
8  2.192000e+001
11  3.618000e+001
20  3.030000e+001
22  3.085000e+001
30  2.714000e+001
33  2.301000e+001
51  3.555000e+001
56  1.817000e+001
63  5.332000e+001
68  1.977000e+001
72  4.875000e+001
79  2.551000e+001
86  3.290000e+001
88  4.483000e+001
100  4.052000e+001
106  3.595000e+001
110  3.960000e+001
115  2.164000e+001
118  1.904000e+001
124  3.894000e+001
130  2.258000e+001
132  6.030000e+001
134  4.431000e+001
138  2.101000e+001
152  1.730000e+001
156  2.393000e+001
   24 
3  3.481000e+001
4  3.921000e+001
8  1.610000e+001
11  2.749000e+001
20  2.215000e+001
22  2.277000e+001
30  1.983000e+001
33  1.687000e+001
51  2.643000e+001
56  1.333000e+001
63  3.961000e+001
68  1.443000e+001
72  3.652000e+001
79  1.863000e+001
86  2.455000e+001
88  3.299000e+001
100  2.982000e+001
106  2.697000e+001
110  2.908000e+001
115  1.588000e+001
118  1.417000e+001
124  2.865000e+001
130  1.696000e+001
132  4.487000e+001
134  3.278000e+001
138  1.532000e+001
152  1.268000e+001
156  1.823000e+001
   25 
3  4.587000e+001
4  5.054000e+001
8  2.240000e+001
11  3.506000e+001
20  2.984000e+001
22  3.034000e+001
30  2.693000e+001
33  2.310000e+001
51  3.470000e+001
56  1.934000e+001
63  5.110000e+001
68  2.086000e+001
72  4.648000e+001
79  2.602000e+001
86  3.318000e+001
88  4.313000e+001
100  3.931000e+001
106  3.487000e+001
110  3.835000e+001
115  2.214000e+001
118  1.954000e+001
124  3.727000e+001
130  2.261000e+001
132  5.764000e+001
134  4.317000e+001
138  2.214000e+001
152  1.905000e+001
156  2.327000e+001
   26 
3  4.515000e+001
4  5.182000e+001
8  1.986000e+001
11  3.475000e+001
20  2.882000e+001
22  2.957000e+001
30  2.541000e+001
33  2.161000e+001
51  3.266000e+001
56  1.553000e+001
63  4.951000e+001
68  1.695000e+001
72  4.574000e+001
79  2.246000e+001
86  2.949000e+001
88  4.221000e+001
100  3.793000e+001
106  3.434000e+001
110  3.695000e+001
115  1.947000e+001
118  1.729000e+001
124  3.669000e+001
130  2.119000e+001
132  5.781000e+001
134  4.169000e+001
138  1.789000e+001
152  1.421000e+001
156  2.212000e+001
   27 
3  3.609000e+001
4  4.137000e+001
8  1.663000e+001
11  2.833000e+001
20  2.236000e+001
22  2.279000e+001
30  2.066000e+001
33  1.730000e+001
51  2.920000e+001
56  1.437000e+001
63  4.031000e+001
68  1.555000e+001
72  3.693000e+001
79  1.941000e+001
86  2.562000e+001
88  3.573000e+001
100  3.111000e+001
106  2.668000e+001
110  3.048000e+001
115  1.657000e+001
118  1.469000e+001
124  3.182000e+001
130  1.724000e+001
132  4.366000e+001
134  3.240000e+001
138  1.649000e+001
152  1.412000e+001
156  2.077000e+001
   28 
3  5.408000e+001
4  6.086000e+001
8  2.552000e+001
11  4.234000e+001
20  3.451000e+001
22  3.529000e+001
30  3.116000e+001
33  2.644000e+001
51  4.176000e+001
56  2.177000e+001
63  6.164000e+001
68  2.338000e+001
72  5.660000e+001
79  2.969000e+001
86  3.883000e+001
88  5.150000e+001
100  4.669000e+001
106  4.146000e+001
110  4.575000e+001
115  2.522000e+001
118  2.239000e+001
124  4.516000e+001
130  2.646000e+001
132  6.908000e+001
134  5.091000e+001
138  2.483000e+001
152  2.088000e+001
156  2.868000e+001
   29 
3  1.052000e+002
4  1.178000e+002
8  4.749000e+001
11  8.335000e+001
20  6.626000e+001
22  6.820000e+001
30  5.936000e+001
33  5.013000e+001
51  7.939000e+001
56  3.890000e+001
63  1.189000e+002
68  4.223000e+001
72  1.098000e+002
79  5.514000e+001
86  7.347000e+001
88  9.891000e+001
100  8.980000e+001
106  8.130000e+001
110  8.754000e+001
115  4.696000e+001
118  4.218000e+001
124  8.591000e+001
130  5.070000e+001
132  1.355000e+002
134  9.855000e+001
138  4.516000e+001
152  3.677000e+001
156  5.488000e+001
   30 
3  3.387000e+001
4  3.871000e+001
8  1.519000e+001
11  2.578000e+001
20  2.174000e+001
22  2.225000e+001
30  1.921000e+001
33  1.635000e+001
51  2.454000e+001
56  1.198000e+001
63  3.756000e+001
68  1.307000e+001
72  3.405000e+001
79  1.732000e+001
86  2.267000e+001
88  3.179000e+001
100  2.866000e+001
106  2.571000e+001
110  2.778000e+001
115  1.492000e+001
118  1.319000e+001
124  2.717000e+001
130  1.588000e+001
132  4.347000e+001
134  3.174000e+001
138  1.404000e+001
152  1.109000e+001
156  1.636000e+001
   31 
3  3.972000e+001
4  4.645000e+001
8  1.708000e+001
11  3.079000e+001
20  2.486000e+001
22  2.546000e+001
30  2.203000e+001
33  1.857000e+001
51  2.937000e+001
56  1.325000e+001
63  4.355000e+001
68  1.448000e+001
72  4.095000e+001
79  1.917000e+001
86  2.552000e+001
88  3.797000e+001
100  3.353000e+001
106  2.989000e+001
110  3.273000e+001
115  1.664000e+001
118  1.479000e+001
124  3.383000e+001
130  1.847000e+001
132  5.047000e+001
134  3.613000e+001
138  1.519000e+001
152  1.208000e+001
156  2.053000e+001
   32 
3  5.521000e+001
4  6.459000e+001
8  2.359000e+001
11  4.238000e+001
20  3.471000e+001
22  3.570000e+001
30  3.048000e+001
33  2.583000e+001
51  3.979000e+001
56  1.799000e+001
63  6.030000e+001
68  1.979000e+001
72  5.667000e+001
79  2.626000e+001
86  3.519000e+001
88  5.214000e+001
100  4.632000e+001
106  4.189000e+001
110  4.515000e+001
115  2.285000e+001
118  2.029000e+001
124  4.591000e+001
130  2.548000e+001
132  7.109000e+001
134  5.105000e+001
138  2.056000e+001
152  1.649000e+001
156  2.767000e+001
   33 
3  4.010000e+001
4  4.672000e+001
8  1.626000e+001
11  3.204000e+001
20  2.477000e+001
22  2.593000e+001
30  2.177000e+001
33  1.825000e+001
51  3.014000e+001
56  1.267000e+001
63  4.437000e+001
68  1.298000e+001
72  4.122000e+001
79  1.819000e+001
86  2.629000e+001
88  3.834000e+001
100  3.348000e+001
106  3.073000e+001
110  3.261000e+001
115  1.607000e+001
118  1.447000e+001
124  3.283000e+001
130  1.859000e+001
132  5.195000e+001
134  3.718000e+001
138  1.409000e+001
152  1.115000e+001
156  2.115000e+001
   34 
3  8.327000e+001
4  9.381000e+001
8  3.875000e+001
11  6.376000e+001
20  5.337000e+001
22  5.466000e+001
30  4.750000e+001
33  4.066000e+001
51  6.198000e+001
56  3.214000e+001
63  9.349000e+001
68  3.513000e+001
72  8.524000e+001
79  4.489000e+001
86  5.829000e+001
88  7.851000e+001
100  7.092000e+001
106  6.329000e+001
110  6.917000e+001
115  3.831000e+001
118  3.377000e+001
124  6.783000e+001
130  3.989000e+001
132  1.061000e+002
134  7.822000e+001
138  3.726000e+001
152  3.101000e+001
156  4.180000e+001
   35 
3  7.271000e+001
4  7.921000e+001
8  3.490000e+001
11  4.755000e+001
20  4.800000e+001
22  4.272000e+001
30  5.061000e+001
33  3.375000e+001
51  6.243000e+001
56  2.751000e+001
63  6.794000e+001
68  3.177000e+001
72  5.572000e+001
79  5.295000e+001
86  5.392000e+001
88  7.114000e+001
100  6.909000e+001
106  4.283000e+001
110  6.800000e+001
115  3.383000e+001
118  2.687000e+001
124  6.144000e+001
130  2.850000e+001
132  6.050000e+001
134  6.438000e+001
138  4.220000e+001
152  2.956000e+001
156  3.850000e+001
   36 
3  4.371000e+001
4  4.901000e+001
8  1.585000e+001
11  3.034000e+001
20  2.477000e+001
22  2.393000e+001
30  2.638000e+001
33  1.776000e+001
51  3.617000e+001
56  1.178000e+001
63  4.024000e+001
68  1.315000e+001
72  3.592000e+001
79  2.487000e+001
86  2.870000e+001
88  4.397000e+001
100  4.007000e+001
106  2.538000e+001
110  3.902000e+001
115  1.592000e+001
118  1.318000e+001
124  3.666000e+001
130  1.554000e+001
132  3.938000e+001
134  3.728000e+001
138  1.890000e+001
152  1.144000e+001
156  2.513000e+001
   37 
3  1.822000e+002
4  2.078000e+002
8  7.807000e+001
11  1.435000e+002
20  1.131000e+002
22  1.165000e+002
30  1.000000e+002
33  8.518000e+001
51  1.354000e+002
56  6.102000e+001
63  2.055000e+002
68  6.577000e+001
72  1.923000e+002
79  9.040000e+001
86  1.228000e+002
88  1.719000e+002
100  1.537000e+002
106  1.406000e+002
110  1.509000e+002
115  7.832000e+001
118  6.749000e+001
124  1.502000e+002
130  8.634000e+001
132  2.381000e+002
134  1.694000e+002
138  7.264000e+001
152  5.928000e+001
156  9.357000e+001
   38 
3  4.004000e+001
4  4.586000e+001
8  1.794000e+001
11  3.070000e+001
20  2.595000e+001
22  2.653000e+001
30  2.270000e+001
33  1.939000e+001
51  2.830000e+001
56  1.387000e+001
63  4.424000e+001
68  1.518000e+001
72  4.079000e+001
79  2.004000e+001
86  2.612000e+001
88  3.718000e+001
100  3.367000e+001
106  3.069000e+001
110  3.257000e+001
115  1.738000e+001
118  1.547000e+001
124  3.188000e+001
130  1.877000e+001
132  5.207000e+001
134  3.759000e+001
138  1.590000e+001
152  1.265000e+001
156  1.893000e+001
   39 
3  4.968000e+001
4  5.597000e+001
8  2.144000e+001
11  3.788000e+001
20  3.004000e+001
22  3.032000e+001
30  2.797000e+001
33  2.288000e+001
51  3.949000e+001
56  1.813000e+001
63  5.267000e+001
68  1.974000e+001
72  4.800000e+001
79  2.560000e+001
86  3.302000e+001
88  4.908000e+001
100  4.185000e+001
106  3.470000e+001
110  4.071000e+001
115  2.153000e+001
118  1.893000e+001
124  4.214000e+001
130  2.199000e+001
132  5.701000e+001
134  4.246000e+001
138  2.105000e+001
152  1.741000e+001
156  2.783000e+001
   40 
3  7.741000e+001
4  9.138000e+001
8  2.962000e+001
11  6.076000e+001
20  4.470000e+001
22  4.607000e+001
30  4.093000e+001
33  3.304000e+001
51  6.002000e+001
56  2.242000e+001
63  8.141000e+001
68  2.468000e+001
72  7.737000e+001
79  3.343000e+001
86  4.848000e+001
88  7.726000e+001
100  6.462000e+001
106  5.501000e+001
110  6.243000e+001
115  2.904000e+001
118  2.583000e+001
124  6.768000e+001
130  3.315000e+001
132  9.156000e+001
134  6.532000e+001
138  2.581000e+001
152  2.030000e+001
156  4.476000e+001
   41 
3  7.383000e+001
4  8.868000e+001
8  2.477000e+001
11  5.944000e+001
20  4.156000e+001
22  4.401000e+001
30  3.725000e+001
33  2.999000e+001
51  5.712000e+001
56  1.703000e+001
63  7.722000e+001
68  1.706000e+001
72  7.535000e+001
79  2.646000e+001
86  4.458000e+001
88  7.209000e+001
100  5.909000e+001
106  5.317000e+001
110  5.770000e+001
115  2.316000e+001
118  2.144000e+001
124  6.379000e+001
130  3.168000e+001
132  9.093000e+001
134  6.336000e+001
138  2.027000e+001
152  9.881000e+000
156  4.284000e+001
   42 
3  4.701000e+001
4  5.512000e+001
8  1.851000e+001
11  3.666000e+001
20  2.879000e+001
22  2.972000e+001
30  2.575000e+001
33  2.120000e+001
51  3.579000e+001
56  1.470000e+001
63  4.876000e+001
68  1.499000e+001
72  4.541000e+001
79  2.089000e+001
86  2.936000e+001
88  4.564000e+001
100  3.860000e+001
106  3.424000e+001
110  3.780000e+001
115  1.836000e+001
118  1.633000e+001
124  3.878000e+001
130  2.088000e+001
132  5.711000e+001
134  4.103000e+001
138  1.581000e+001
152  1.290000e+001
156  2.561000e+001
   43 
3  6.805000e+001
4  7.769000e+001
8  3.225000e+001
11  5.237000e+001
20  4.310000e+001
22  4.379000e+001
30  3.967000e+001
33  3.335000e+001
51  5.419000e+001
56  2.803000e+001
63  7.563000e+001
68  3.024000e+001
72  6.925000e+001
79  3.780000e+001
86  4.863000e+001
88  6.608000e+001
100  5.912000e+001
106  5.051000e+001
110  5.777000e+001
115  3.201000e+001
118  2.823000e+001
124  5.889000e+001
130  3.292000e+001
132  8.353000e+001
134  6.247000e+001
138  3.222000e+001
152  2.773000e+001
156  3.737000e+001
   44 
3  1.269000e+002
4  1.410000e+002
8  6.053000e+001
11  9.531000e+001
20  8.295000e+001
22  8.427000e+001
30  7.380000e+001
33  6.316000e+001
51  9.374000e+001
56  5.050000e+001
63  1.411000e+002
68  5.538000e+001
72  1.270000e+002
79  7.043000e+001
86  8.944000e+001
88  1.191000e+002
100  1.085000e+002
106  9.572000e+001
110  1.054000e+002
115  5.969000e+001
118  5.240000e+001
124  1.012000e+002
130  6.053000e+001
132  1.599000e+002
134  1.187000e+002
138  5.854000e+001
152  4.918000e+001
156  6.016000e+001
   45 
3  5.417000e+001
4  6.292000e+001
8  2.241000e+001
11  4.262000e+001
20  3.389000e+001
22  3.533000e+001
30  2.946000e+001
33  2.503000e+001
51  3.829000e+001
56  1.646000e+001
63  5.972000e+001
68  1.796000e+001
72  5.629000e+001
79  2.422000e+001
86  3.423000e+001
88  4.997000e+001
100  4.484000e+001
106  4.168000e+001
110  4.344000e+001
115  2.138000e+001
118  1.929000e+001
124  4.375000e+001
130  2.502000e+001
132  7.154000e+001
134  5.050000e+001
138  1.829000e+001
152  1.460000e+001
156  2.681000e+001
   46 
3  3.963000e+001
4  4.639000e+001
8  1.584000e+001
11  3.178000e+001
20  2.300000e+001
22  2.382000e+001
30  2.126000e+001
33  1.726000e+001
51  3.170000e+001
56  1.246000e+001
63  4.308000e+001
68  1.351000e+001
72  4.051000e+001
79  1.809000e+001
86  2.619000e+001
88  4.024000e+001
100  3.354000e+001
106  2.884000e+001
110  3.255000e+001
115  1.563000e+001
118  1.407000e+001
124  3.547000e+001
130  1.787000e+001
132  4.749000e+001
134  3.410000e+001
138  1.455000e+001
152  1.135000e+001
156  2.385000e+001
   47 
3  3.526000e+001
4  4.062000e+001
8  1.580000e+001
11  2.764000e+001
20  2.197000e+001
22  2.245000e+001
30  1.997000e+001
33  1.670000e+001
51  2.760000e+001
56  1.299000e+001
63  3.973000e+001
68  1.414000e+001
72  3.672000e+001
79  1.842000e+001
86  2.437000e+001
88  3.433000e+001
100  3.037000e+001
106  2.668000e+001
110  2.975000e+001
115  1.567000e+001
118  1.388000e+001
124  3.054000e+001
130  1.683000e+001
132  4.425000e+001
134  3.255000e+001
138  1.517000e+001
152  1.237000e+001
156  1.936000e+001
   48 
3  3.723000e+001
4  4.257000e+001
8  1.697000e+001
11  2.907000e+001
20  2.313000e+001
22  2.347000e+001
30  2.128000e+001
33  1.767000e+001
51  2.989000e+001
56  1.457000e+001
63  4.174000e+001
68  1.567000e+001
72  3.831000e+001
79  1.997000e+001
86  2.620000e+001
88  3.639000e+001
100  3.219000e+001
106  2.766000e+001
110  3.149000e+001
115  1.690000e+001
118  1.488000e+001
124  3.254000e+001
130  1.767000e+001
132  4.563000e+001
134  3.375000e+001
138  1.673000e+001
152  1.400000e+001
156  2.083000e+001
   49 
3  6.302000e+001
4  7.163000e+001
8  2.936000e+001
11  4.825000e+001
20  4.019000e+001
22  4.090000e+001
30  3.624000e+001
33  3.065000e+001
51  4.814000e+001
56  2.465000e+001
63  7.038000e+001
68  2.693000e+001
72  6.457000e+001
79  3.421000e+001
86  4.419000e+001
88  5.998000e+001
100  5.422000e+001
106  4.745000e+001
110  5.303000e+001
115  2.899000e+001
118  2.547000e+001
124  5.292000e+001
130  3.016000e+001
132  7.924000e+001
134  5.861000e+001
138  2.850000e+001
152  2.388000e+001
156  3.230000e+001
   50 
3  2.389000e+002
4  2.644000e+002
8  1.320000e+002
11  1.575000e+002
20  1.760000e+002
22  1.541000e+002
30  1.786000e+002
33  1.225000e+002
51  2.032000e+002
56  1.031000e+002
63  2.262000e+002
68  1.204000e+002
72  1.790000e+002
79  1.877000e+002
86  1.834000e+002
88  2.340000e+002
100  2.263000e+002
106  1.467000e+002
110  2.205000e+002
115  1.245000e+002
118  9.668000e+001
124  2.030000e+002
130  1.035000e+002
132  2.035000e+002
134  2.161000e+002
138  1.536000e+002
152  1.125000e+002
156  1.241000e+002
   51 
3  1.504000e+002
4  1.639000e+002
8  7.402000e+001
11  1.158000e+002
20  9.852000e+001
22  9.943000e+001
30  8.899000e+001
33  7.580000e+001
51  1.155000e+002
56  6.456000e+001
63  1.676000e+002
68  6.870000e+001
72  1.515000e+002
79  8.613000e+001
86  1.089000e+002
88  1.406000e+002
100  1.305000e+002
106  1.139000e+002
110  1.262000e+002
115  7.286000e+001
118  6.302000e+001
124  1.226000e+002
130  7.435000e+001
132  1.878000e+002
134  1.401000e+002
138  7.275000e+001
152  6.253000e+001
156  7.456000e+001
   52 
3  4.306000e+001
4  5.031000e+001
8  1.605000e+001
11  3.323000e+001
20  2.439000e+001
22  2.497000e+001
30  2.299000e+001
33  1.807000e+001
51  3.432000e+001
56  1.242000e+001
63  4.363000e+001
68  1.353000e+001
72  4.095000e+001
79  1.881000e+001
86  2.702000e+001
88  4.447000e+001
100  3.643000e+001
106  2.891000e+001
110  3.514000e+001
115  1.595000e+001
118  1.406000e+001
124  3.798000e+001
130  1.751000e+001
132  4.766000e+001
134  3.509000e+001
138  1.462000e+001
152  1.130000e+001
156  2.575000e+001
   53 
3  3.336000e+001
4  3.643000e+001
8  2.949000e+001
11  2.951000e+001
20  3.624000e+001
22  3.480000e+001
30  3.385000e+001
33  3.043000e+001
51  2.978000e+001
56  2.438000e+001
63  3.168000e+001
68  2.468000e+001
72  2.675000e+001
79  3.167000e+001
86  3.079000e+001
88  3.351000e+001
100  3.246000e+001
106  2.936000e+001
110  3.300000e+001
115  2.801000e+001
118  2.517000e+001
124  2.998000e+001
130  2.508000e+001
132  3.071000e+001
134  3.130000e+001
138  2.725000e+001
152  2.277000e+001
156  2.158000e+001
   54 
3  3.736000e+001
4  4.407000e+001
8  1.425000e+001
11  2.871000e+001
20  2.152000e+001
22  2.198000e+001
30  1.992000e+001
33  1.594000e+001
51  2.946000e+001
56  1.099000e+001
63  3.848000e+001
68  1.205000e+001
72  3.582000e+001
79  1.636000e+001
86  2.354000e+001
88  3.869000e+001
100  3.136000e+001
106  2.555000e+001
110  3.024000e+001
115  1.407000e+001
118  1.237000e+001
124  3.301000e+001
130  1.540000e+001
132  4.179000e+001
134  3.030000e+001
138  1.266000e+001
152  1.004000e+001
156  2.220000e+001
   55 
3  4.003000e+001
4  4.472000e+001
8  1.860000e+001
11  3.107000e+001
20  2.569000e+001
22  2.616000e+001
30  2.311000e+001
33  1.952000e+001
51  3.027000e+001
56  1.548000e+001
63  4.463000e+001
68  1.679000e+001
72  4.107000e+001
79  2.167000e+001
86  2.800000e+001
88  3.767000e+001
100  3.429000e+001
106  3.054000e+001
110  3.337000e+001
115  1.838000e+001
118  1.627000e+001
124  3.279000e+001
130  1.939000e+001
132  5.087000e+001
134  3.750000e+001
138  1.791000e+001
152  1.476000e+001
156  2.049000e+001
   56 
3  3.577000e+001
4  4.106000e+001
8  1.616000e+001
11  2.803000e+001
20  2.224000e+001
22  2.269000e+001
30  2.033000e+001
33  1.704000e+001
51  2.843000e+001
56  1.367000e+001
63  4.007000e+001
68  1.477000e+001
72  3.710000e+001
79  1.889000e+001
86  2.491000e+001
88  3.493000e+001
100  3.082000e+001
106  2.678000e+001
110  3.021000e+001
115  1.610000e+001
118  1.429000e+001
124  3.104000e+001
130  1.707000e+001
132  4.423000e+001
134  3.253000e+001
138  1.567000e+001
152  1.309000e+001
156  2.000000e+001
   57 
3  4.320000e+001
4  4.953000e+001
8  1.722000e+001
11  3.308000e+001
20  2.464000e+001
22  2.494000e+001
30  2.433000e+001
33  1.860000e+001
51  3.638000e+001
56  1.418000e+001
63  4.467000e+001
68  1.549000e+001
72  4.092000e+001
79  2.175000e+001
86  2.999000e+001
88  4.524000e+001
100  3.800000e+001
106  2.864000e+001
110  3.683000e+001
115  1.757000e+001
118  1.525000e+001
124  3.838000e+001
130  1.799000e+001
132  4.612000e+001
134  3.607000e+001
138  1.772000e+001
152  1.345000e+001
156  2.623000e+001
   58 
3  7.050000e+001
4  7.819000e+001
8  3.264000e+001
11  5.327000e+001
20  4.591000e+001
22  4.682000e+001
30  4.073000e+001
33  3.475000e+001
51  5.106000e+001
56  2.613000e+001
63  7.746000e+001
68  2.904000e+001
72  6.938000e+001
79  3.784000e+001
86  4.809000e+001
88  6.579000e+001
100  5.994000e+001
106  5.316000e+001
110  5.735000e+001
115  3.221000e+001
118  2.821000e+001
124  5.524000e+001
130  3.338000e+001
132  8.899000e+001
134  6.563000e+001
138  3.079000e+001
152  2.507000e+001
156  3.274000e+001
   59 
3  3.120000e+001
4  3.643000e+001
8  1.351000e+001
11  2.381000e+001
20  1.997000e+001
22  2.053000e+001
30  1.740000e+001
33  1.485000e+001
51  2.237000e+001
56  1.040000e+001
63  3.441000e+001
68  1.128000e+001
72  3.147000e+001
79  1.508000e+001
86  1.994000e+001
88  2.941000e+001
100  2.619000e+001
106  2.376000e+001
110  2.542000e+001
115  1.315000e+001
118  1.168000e+001
124  2.543000e+001
130  1.449000e+001
132  4.018000e+001
134  2.898000e+001
138  1.188000e+001
152  9.445000e+000
156  1.508000e+001
   60 
3  3.939000e+001
4  4.413000e+001
8  1.822000e+001
11  3.006000e+001
20  2.541000e+001
22  2.591000e+001
30  2.264000e+001
33  1.930000e+001
51  2.892000e+001
56  1.478000e+001
63  4.383000e+001
68  1.626000e+001
72  3.992000e+001
79  2.112000e+001
86  2.723000e+001
88  3.697000e+001
100  3.354000e+001
106  2.993000e+001
110  3.254000e+001
115  1.801000e+001
118  1.594000e+001
124  3.157000e+001
130  1.876000e+001
132  5.015000e+001
134  3.687000e+001
138  1.730000e+001
152  1.418000e+001
156  1.923000e+001
   61 
3  4.577000e+001
4  5.202000e+001
8  2.037000e+001
11  3.482000e+001
20  2.738000e+001
22  2.739000e+001
30  2.686000e+001
33  2.120000e+001
51  3.919000e+001
56  1.811000e+001
63  4.802000e+001
68  1.934000e+001
72  4.323000e+001
79  2.509000e+001
86  3.312000e+001
88  4.775000e+001
100  4.047000e+001
106  3.085000e+001
110  3.953000e+001
115  2.055000e+001
118  1.791000e+001
124  4.088000e+001
130  2.012000e+001
132  4.872000e+001
134  3.843000e+001
138  2.120000e+001
152  1.779000e+001
156  2.761000e+001
   62 
3  8.966000e+001
4  1.028000e+002
8  4.044000e+001
11  6.795000e+001
20  5.640000e+001
22  5.758000e+001
30  5.071000e+001
33  4.270000e+001
51  6.786000e+001
56  3.325000e+001
63  9.951000e+001
68  3.685000e+001
72  9.175000e+001
79  4.725000e+001
86  6.125000e+001
88  8.565000e+001
100  7.608000e+001
106  6.698000e+001
110  7.498000e+001
115  4.008000e+001
118  3.529000e+001
124  7.573000e+001
130  4.174000e+001
132  1.120000e+002
134  8.253000e+001
138  3.889000e+001
152  3.232000e+001
156  4.621000e+001
   63 
3  5.500000e+001
4  6.357000e+001
8  2.452000e+001
11  4.231000e+001
20  3.451000e+001
22  3.530000e+001
30  3.109000e+001
33  2.617000e+001
51  4.203000e+001
56  1.999000e+001
63  6.125000e+001
68  2.198000e+001
72  5.682000e+001
79  2.859000e+001
86  3.733000e+001
88  5.313000e+001
100  4.705000e+001
106  4.134000e+001
110  4.614000e+001
115  2.439000e+001
118  2.156000e+001
124  4.705000e+001
130  2.595000e+001
132  6.902000e+001
134  5.049000e+001
138  2.333000e+001
152  1.908000e+001
156  2.905000e+001
   64 
3  1.283000e+002
4  1.450000e+002
8  3.699000e+001
11  1.074000e+002
20  5.722000e+001
22  6.570000e+001
30  6.137000e+001
33  4.141000e+001
51  1.124000e+002
56  2.861000e+001
63  1.452000e+002
68  2.799000e+001
72  1.384000e+002
79  4.886000e+001
86  9.371000e+001
88  1.286000e+002
100  1.107000e+002
106  9.160000e+001
110  1.073000e+002
115  3.800000e+001
118  3.546000e+001
124  1.129000e+002
130  5.449000e+001
132  1.584000e+002
134  1.203000e+002
138  4.328000e+001
152  2.916000e+001
156  8.248000e+001
   65 
3  5.531000e+001
4  6.546000e+001
8  1.994000e+001
11  4.345000e+001
20  3.163000e+001
22  3.281000e+001
30  2.935000e+001
33  2.320000e+001
51  4.401000e+001
56  1.554000e+001
63  5.622000e+001
68  1.602000e+001
72  5.318000e+001
79  2.289000e+001
86  3.476000e+001
88  5.551000e+001
100  4.617000e+001
106  3.824000e+001
110  4.429000e+001
115  1.990000e+001
118  1.772000e+001
124  4.793000e+001
130  2.313000e+001
132  6.359000e+001
134  4.626000e+001
138  1.769000e+001
152  1.357000e+001
156  3.284000e+001
   66 
3  3.425000e+001
4  3.983000e+001
8  1.468000e+001
11  2.690000e+001
20  2.126000e+001
22  2.196000e+001
30  1.885000e+001
33  1.600000e+001
51  2.556000e+001
56  1.153000e+001
63  3.825000e+001
68  1.249000e+001
72  3.545000e+001
79  1.653000e+001
86  2.254000e+001
88  3.282000e+001
100  2.882000e+001
106  2.608000e+001
110  2.820000e+001
115  1.443000e+001
118  1.293000e+001
124  2.888000e+001
130  1.612000e+001
132  4.382000e+001
134  3.149000e+001
138  1.329000e+001
152  1.054000e+001
156  1.803000e+001
   67 
3  3.910000e+001
4  4.547000e+001
8  1.670000e+001
11  2.983000e+001
20  2.486000e+001
22  2.561000e+001
30  2.163000e+001
33  1.849000e+001
51  2.757000e+001
56  1.267000e+001
63  4.292000e+001
68  1.378000e+001
72  3.962000e+001
79  1.842000e+001
86  2.480000e+001
88  3.633000e+001
100  3.255000e+001
106  2.966000e+001
110  3.157000e+001
115  1.612000e+001
118  1.433000e+001
124  3.152000e+001
130  1.801000e+001
132  5.077000e+001
134  3.638000e+001
138  1.427000e+001
152  1.147000e+001
156  1.874000e+001
   68 
3  1.369000e+002
4  1.493000e+002
8  6.554000e+001
11  1.042000e+002
20  8.919000e+001
22  9.032000e+001
30  7.972000e+001
33  6.785000e+001
51  1.027000e+002
56  5.600000e+001
63  1.521000e+002
68  6.038000e+001
72  1.363000e+002
79  7.667000e+001
86  9.699000e+001
88  1.275000e+002
100  1.171000e+002
106  1.037000e+002
110  1.132000e+002
115  6.491000e+001
118  5.671000e+001
124  1.091000e+002
130  6.600000e+001
132  1.714000e+002
134  1.276000e+002
138  6.389000e+001
152  5.370000e+001
156  6.594000e+001
   69 
3  4.587000e+001
4  5.026000e+001
8  2.229000e+001
11  3.602000e+001
20  2.924000e+001
22  2.970000e+001
30  2.702000e+001
33  2.284000e+001
51  3.611000e+001
56  1.972000e+001
63  5.076000e+001
68  2.098000e+001
72  4.674000e+001
79  2.599000e+001
86  3.342000e+001
88  4.377000e+001
100  3.939000e+001
106  3.443000e+001
110  3.855000e+001
115  2.216000e+001
118  1.952000e+001
124  3.850000e+001
130  2.264000e+001
132  5.621000e+001
134  4.258000e+001
138  2.247000e+001
152  1.959000e+001
156  2.508000e+001
   70 
3  2.575000e+002
4  2.875000e+002
8  1.109000e+002
11  1.952000e+002
20  1.591000e+002
22  1.633000e+002
30  1.447000e+002
33  1.194000e+002
51  1.951000e+002
56  9.424000e+001
63  2.835000e+002
68  1.025000e+002
72  2.640000e+002
79  1.316000e+002
86  1.769000e+002
88  2.422000e+002
100  2.172000e+002
106  1.911000e+002
110  2.146000e+002
115  1.098000e+002
118  9.911000e+001
124  2.176000e+002
130  1.173000e+002
132  3.180000e+002
134  2.365000e+002
138  1.088000e+002
152  8.894000e+001
156  1.317000e+002
   71 
3  3.600000e+001
4  4.043000e+001
8  1.704000e+001
11  2.844000e+001
20  2.279000e+001
22  2.328000e+001
30  2.077000e+001
33  1.758000e+001
51  2.832000e+001
56  1.478000e+001
63  4.074000e+001
68  1.579000e+001
72  3.774000e+001
79  1.989000e+001
86  2.597000e+001
88  3.442000e+001
100  3.109000e+001
106  2.751000e+001
110  3.059000e+001
115  1.691000e+001
118  1.499000e+001
124  3.067000e+001
130  1.777000e+001
132  4.538000e+001
134  3.353000e+001
138  1.677000e+001
152  1.431000e+001
156  1.974000e+001
   72 
3  6.769000e+001
4  7.710000e+001
8  3.066000e+001
11  5.325000e+001
20  4.256000e+001
22  4.360000e+001
30  3.865000e+001
33  3.244000e+001
51  5.276000e+001
56  2.549000e+001
63  7.536000e+001
68  2.811000e+001
72  6.862000e+001
79  3.588000e+001
86  4.684000e+001
88  6.526000e+001
100  5.798000e+001
106  5.098000e+001
110  5.653000e+001
115  3.058000e+001
118  2.711000e+001
124  5.751000e+001
130  3.247000e+001
132  8.408000e+001
134  6.174000e+001
138  2.980000e+001
152  2.487000e+001
156  3.625000e+001
   73 
3  7.768000e+001
4  8.840000e+001
8  3.462000e+001
11  5.893000e+001
20  4.958000e+001
22  5.069000e+001
30  4.379000e+001
33  3.712000e+001
51  5.599000e+001
56  2.721000e+001
63  8.574000e+001
68  2.975000e+001
72  7.818000e+001
79  3.960000e+001
86  5.177000e+001
88  7.261000e+001
100  6.561000e+001
106  5.866000e+001
110  6.369000e+001
115  3.412000e+001
118  2.997000e+001
124  6.265000e+001
130  3.613000e+001
132  9.893000e+001
134  7.225000e+001
138  3.204000e+001
152  2.555000e+001
156  3.693000e+001
   74 
3  3.834000e+001
4  4.391000e+001
8  1.770000e+001
11  2.952000e+001
20  2.451000e+001
22  2.493000e+001
30  2.201000e+001
33  1.865000e+001
51  2.938000e+001
56  1.474000e+001
63  4.335000e+001
68  1.598000e+001
72  3.976000e+001
79  2.058000e+001
86  2.653000e+001
88  3.686000e+001
100  3.303000e+001
106  2.914000e+001
110  3.234000e+001
115  1.749000e+001
118  1.545000e+001
124  3.253000e+001
130  1.837000e+001
132  4.865000e+001
134  3.578000e+001
138  1.695000e+001
152  1.401000e+001
156  1.990000e+001
   75 
3  2.617000e+002
4  2.857000e+002
8  1.215000e+002
11  2.049000e+002
20  1.640000e+002
22  1.674000e+002
30  1.464000e+002
33  1.247000e+002
51  2.004000e+002
56  1.021000e+002
63  2.922000e+002
68  1.081000e+002
72  2.742000e+002
79  1.408000e+002
86  1.868000e+002
88  2.419000e+002
100  2.235000e+002
106  2.005000e+002
110  2.187000e+002
115  1.195000e+002
118  1.056000e+002
124  2.137000e+002
130  1.261000e+002
132  3.253000e+002
134  2.436000e+002
138  1.187000e+002
152  9.603000e+001
156  1.346000e+002
   76 
3  3.609000e+001
4  4.040000e+001
8  1.589000e+001
11  2.831000e+001
20  2.298000e+001
22  2.361000e+001
30  2.037000e+001
33  1.716000e+001
51  2.605000e+001
56  1.234000e+001
63  3.962000e+001
68  1.344000e+001
72  3.653000e+001
79  1.794000e+001
86  2.386000e+001
88  3.342000e+001
100  3.032000e+001
106  2.770000e+001
110  2.915000e+001
115  1.555000e+001
118  1.379000e+001
124  2.860000e+001
130  1.696000e+001
132  4.631000e+001
134  3.374000e+001
138  1.435000e+001
152  1.125000e+001
156  1.760000e+001
   77 
3  1.034000e+002
4  1.201000e+002
8  4.057000e+001
11  8.087000e+001
20  6.381000e+001
22  6.619000e+001
30  5.533000e+001
33  4.676000e+001
51  7.314000e+001
56  2.902000e+001
63  1.132000e+002
68  3.181000e+001
72  1.070000e+002
79  4.391000e+001
86  6.386000e+001
88  9.479000e+001
100  8.482000e+001
106  7.942000e+001
110  8.203000e+001
115  3.914000e+001
118  3.512000e+001
124  8.348000e+001
130  4.736000e+001
132  1.363000e+002
134  9.499000e+001
138  3.246000e+001
152  2.595000e+001
156  5.077000e+001
   78 
3  5.555000e+001
4  6.468000e+001
8  2.398000e+001
11  4.275000e+001
20  3.479000e+001
22  3.583000e+001
30  3.085000e+001
33  2.611000e+001
51  4.078000e+001
56  1.886000e+001
63  6.113000e+001
68  2.046000e+001
72  5.697000e+001
79  2.718000e+001
86  3.632000e+001
88  5.299000e+001
100  4.690000e+001
106  4.205000e+001
110  4.577000e+001
115  2.354000e+001
118  2.095000e+001
124  4.652000e+001
130  2.594000e+001
132  7.097000e+001
134  5.147000e+001
138  2.176000e+001
152  1.733000e+001
156  2.828000e+001
   79 
3  5.544000e+001
4  6.219000e+001
8  2.600000e+001
11  4.237000e+001
20  3.381000e+001
22  3.337000e+001
30  3.461000e+001
33  2.677000e+001
51  5.006000e+001
56  2.391000e+001
63  5.707000e+001
68  2.507000e+001
72  5.073000e+001
79  3.322000e+001
86  4.200000e+001
88  5.843000e+001
100  5.093000e+001
106  3.665000e+001
110  5.016000e+001
115  2.631000e+001
118  2.271000e+001
124  4.952000e+001
130  2.512000e+001
132  5.554000e+001
134  4.767000e+001
138  2.842000e+001
152  2.396000e+001
156  3.432000e+001
   80 
3  3.537000e+001
4  4.037000e+001
8  1.615000e+001
11  2.734000e+001
20  2.274000e+001
22  2.333000e+001
30  2.040000e+001
33  1.733000e+001
51  2.683000e+001
56  1.341000e+001
63  3.931000e+001
68  1.436000e+001
72  3.563000e+001
79  1.893000e+001
86  2.463000e+001
88  3.404000e+001
100  3.032000e+001
106  2.674000e+001
110  2.960000e+001
115  1.623000e+001
118  1.444000e+001
124  2.913000e+001
130  1.702000e+001
132  4.464000e+001
134  3.306000e+001
138  1.564000e+001
152  1.292000e+001
156  1.826000e+001
   81 
3  5.353000e+001
4  6.006000e+001
8  2.509000e+001
11  4.152000e+001
20  3.431000e+001
22  3.503000e+001
30  3.083000e+001
33  2.617000e+001
51  4.049000e+001
56  2.094000e+001
63  6.040000e+001
68  2.262000e+001
72  5.518000e+001
79  2.912000e+001
86  3.785000e+001
88  5.055000e+001
100  4.597000e+001
106  4.086000e+001
110  4.481000e+001
115  2.471000e+001
118  2.189000e+001
124  4.375000e+001
130  2.583000e+001
132  6.833000e+001
134  5.041000e+001
138  2.412000e+001
152  1.997000e+001
156  2.735000e+001
   82 
3  1.567000e+002
4  1.761000e+002
8  6.446000e+001
11  1.229000e+002
20  9.818000e+001
22  1.023000e+002
30  8.580000e+001
33  7.214000e+001
51  1.126000e+002
56  4.968000e+001
63  1.725000e+002
68  5.574000e+001
72  1.598000e+002
79  7.382000e+001
86  1.021000e+002
88  1.441000e+002
100  1.304000e+002
106  1.201000e+002
110  1.267000e+002
115  6.362000e+001
118  5.801000e+001
124  1.243000e+002
130  7.206000e+001
132  2.024000e+002
134  1.445000e+002
138  5.672000e+001
152  4.296000e+001
156  7.462000e+001
   83 
3  3.368000e+001
4  3.892000e+001
8  1.461000e+001
11  2.628000e+001
20  2.129000e+001
22  2.206000e+001
30  1.863000e+001
33  1.596000e+001
51  2.440000e+001
56  1.139000e+001
63  3.766000e+001
68  1.227000e+001
72  3.463000e+001
79  1.633000e+001
86  2.207000e+001
88  3.177000e+001
100  2.821000e+001
106  2.589000e+001
110  2.748000e+001
115  1.428000e+001
118  1.280000e+001
124  2.748000e+001
130  1.582000e+001
132  4.382000e+001
134  3.146000e+001
138  1.303000e+001
152  1.033000e+001
156  1.679000e+001
   84 
3  7.630000e+001
4  8.308000e+001
8  3.468000e+001
11  5.267000e+001
20  4.706000e+001
22  4.478000e+001
30  4.930000e+001
33  3.532000e+001
51  6.446000e+001
56  2.961000e+001
63  7.387000e+001
68  3.276000e+001
72  6.260000e+001
79  4.970000e+001
86  5.584000e+001
88  7.576000e+001
100  6.915000e+001
106  4.725000e+001
110  6.740000e+001
115  3.511000e+001
118  2.923000e+001
124  6.424000e+001
130  3.148000e+001
132  7.178000e+001
134  6.666000e+001
138  4.155000e+001
152  3.077000e+001
156  4.087000e+001
   85 
3  4.647000e+001
4  5.425000e+001
8  1.923000e+001
11  3.623000e+001
20  2.803000e+001
22  2.894000e+001
30  2.521000e+001
33  2.105000e+001
51  3.535000e+001
56  1.518000e+001
63  5.065000e+001
68  1.645000e+001
72  4.702000e+001
79  2.183000e+001
86  3.003000e+001
88  4.517000e+001
100  3.898000e+001
106  3.422000e+001
110  3.785000e+001
115  1.900000e+001
118  1.699000e+001
124  4.005000e+001
130  2.120000e+001
132  5.746000e+001
134  4.110000e+001
138  1.756000e+001
152  1.387000e+001
156  2.532000e+001
   86 
3  3.495000e+001
4  3.923000e+001
8  1.596000e+001
11  2.699000e+001
20  2.271000e+001
22  2.316000e+001
30  2.000000e+001
33  1.711000e+001
51  2.510000e+001
56  1.258000e+001
63  3.835000e+001
68  1.375000e+001
72  3.540000e+001
79  1.812000e+001
86  2.330000e+001
88  3.240000e+001
100  2.957000e+001
106  2.673000e+001
110  2.850000e+001
115  1.565000e+001
118  1.386000e+001
124  2.788000e+001
130  1.665000e+001
132  4.491000e+001
134  3.271000e+001
138  1.462000e+001
152  1.154000e+001
156  1.654000e+001
   87 
3  3.758000e+001
4  4.050000e+001
8  1.872000e+001
11  2.901000e+001
20  2.453000e+001
22  2.473000e+001
30  2.245000e+001
33  1.924000e+001
51  2.900000e+001
56  1.671000e+001
63  4.151000e+001
68  1.768000e+001
72  3.785000e+001
79  2.190000e+001
86  2.762000e+001
88  3.507000e+001
100  3.239000e+001
106  2.824000e+001
110  3.138000e+001
115  1.855000e+001
118  1.631000e+001
124  3.070000e+001
130  1.871000e+001
132  4.477000e+001
134  3.524000e+001
138  1.879000e+001
152  1.642000e+001
156  1.929000e+001
   88 
3  6.517000e+001
4  7.464000e+001
8  2.785000e+001
11  4.974000e+001
20  4.170000e+001
22  4.281000e+001
30  3.613000e+001
33  3.091000e+001
51  4.517000e+001
56  2.096000e+001
63  7.087000e+001
68  2.308000e+001
72  6.565000e+001
79  3.074000e+001
86  4.120000e+001
88  5.936000e+001
100  5.401000e+001
106  4.954000e+001
110  5.206000e+001
115  2.696000e+001
118  2.394000e+001
124  5.103000e+001
130  2.987000e+001
132  8.463000e+001
134  6.069000e+001
138  2.352000e+001
152  1.894000e+001
156  3.007000e+001
   89 
3  4.152000e+001
4  4.894000e+001
8  1.637000e+001
11  3.221000e+001
20  2.422000e+001
22  2.479000e+001
30  2.229000e+001
33  1.797000e+001
51  3.269000e+001
56  1.270000e+001
63  4.398000e+001
68  1.393000e+001
72  4.079000e+001
79  1.880000e+001
86  2.628000e+001
88  4.255000e+001
100  3.495000e+001
106  2.927000e+001
110  3.374000e+001
115  1.613000e+001
118  1.419000e+001
124  3.675000e+001
130  1.774000e+001
132  4.795000e+001
134  3.471000e+001
138  1.485000e+001
152  1.166000e+001
156  2.404000e+001
   90 
3  2.525000e+002
4  2.757000e+002
8  8.750000e+001
11  2.064000e+002
20  1.280000e+002
22  1.405000e+002
30  1.291000e+002
33  9.288000e+001
51  2.113000e+002
56  6.817000e+001
63  2.836000e+002
68  6.839000e+001
72  2.652000e+002
79  1.102000e+002
86  1.843000e+002
88  2.450000e+002
100  2.182000e+002
106  1.825000e+002
110  2.105000e+002
115  8.941000e+001
118  7.763000e+001
124  2.130000e+002
130  1.091000e+002
132  3.091000e+002
134  2.395000e+002
138  9.653000e+001
152  6.634000e+001
156  1.456000e+002
   91 
3  1.254000e+002
4  1.375000e+002
8  2.541000e+001
11  1.080000e+002
20  3.507000e+001
22  5.125000e+001
30  5.520000e+001
33  2.417000e+001
51  1.147000e+002
56  1.525000e+001
63  1.443000e+002
68  1.725000e+001
72  1.392000e+002
79  4.426000e+001
86  9.680000e+001
88  1.251000e+002
100  1.096000e+002
106  8.578000e+001
110  1.056000e+002
115  2.204000e+001
118  2.024000e+001
124  1.122000e+002
130  5.095000e+001
132  1.528000e+002
134  1.178000e+002
138  4.163000e+001
152  2.162000e+001
156  8.579000e+001
   92 
3  2.371000e+002
4  2.624000e+002
8  1.013000e+002
11  1.813000e+002
20  1.504000e+002
22  1.550000e+002
30  1.321000e+002
33  1.077000e+002
51  1.685000e+002
56  7.827000e+001
63  2.597000e+002
68  8.288000e+001
72  2.414000e+002
79  1.188000e+002
86  1.551000e+002
88  2.152000e+002
100  1.999000e+002
106  1.802000e+002
110  1.925000e+002
115  9.632000e+001
118  8.537000e+001
124  1.871000e+002
130  1.072000e+002
132  3.002000e+002
134  2.211000e+002
138  9.458000e+001
152  7.217000e+001
156  1.100000e+002
   93 
3  5.663000e+001
4  6.331000e+001
8  2.467000e+001
11  4.412000e+001
20  3.472000e+001
22  3.530000e+001
30  3.241000e+001
33  2.623000e+001
51  4.468000e+001
56  2.023000e+001
63  6.108000e+001
68  2.210000e+001
72  5.530000e+001
79  2.967000e+001
86  3.862000e+001
88  5.511000e+001
100  4.844000e+001
106  4.076000e+001
110  4.654000e+001
115  2.500000e+001
118  2.178000e+001
124  4.604000e+001
130  2.536000e+001
132  6.760000e+001
134  5.126000e+001
138  2.463000e+001
152  1.922000e+001
156  3.025000e+001
   94 
3  1.713000e+002
4  1.907000e+002
8  7.596000e+001
11  1.350000e+002
20  1.049000e+002
22  1.058000e+002
30  1.000000e+002
33  7.946000e+001
51  1.411000e+002
56  6.706000e+001
63  1.848000e+002
68  7.171000e+001
72  1.685000e+002
79  9.313000e+001
86  1.207000e+002
88  1.690000e+002
100  1.492000e+002
106  1.218000e+002
110  1.465000e+002
115  7.685000e+001
118  6.740000e+001
124  1.477000e+002
130  7.803000e+001
132  2.001000e+002
134  1.491000e+002
138  7.794000e+001
152  6.510000e+001
156  9.854000e+001
   95 
3  3.536000e+001
4  3.878000e+001
8  1.784000e+001
11  2.708000e+001
20  2.327000e+001
22  2.351000e+001
30  2.120000e+001
33  1.822000e+001
51  2.721000e+001
56  1.577000e+001
63  3.945000e+001
68  1.674000e+001
72  3.579000e+001
79  2.072000e+001
86  2.627000e+001
88  3.320000e+001
100  3.059000e+001
106  2.678000e+001
110  2.992000e+001
115  1.760000e+001
118  1.545000e+001
124  2.889000e+001
130  1.758000e+001
132  4.282000e+001
134  3.338000e+001
138  1.787000e+001
152  1.559000e+001
156  1.794000e+001
   96 
3  5.640000e+001
4  6.394000e+001
8  2.674000e+001
11  4.391000e+001
20  3.586000e+001
22  3.662000e+001
30  3.248000e+001
33  2.767000e+001
51  4.384000e+001
56  2.303000e+001
63  6.433000e+001
68  2.476000e+001
72  5.882000e+001
79  3.108000e+001
86  4.041000e+001
88  5.425000e+001
100  4.861000e+001
106  4.303000e+001
110  4.789000e+001
115  2.648000e+001
118  2.347000e+001
124  4.803000e+001
130  2.761000e+001
132  7.123000e+001
134  5.275000e+001
138  2.619000e+001
152  2.243000e+001
156  3.037000e+001
   97 
3  3.821000e+001
4  4.465000e+001
8  1.578000e+001
11  2.974000e+001
20  2.291000e+001
22  2.354000e+001
30  2.084000e+001
33  1.720000e+001
51  2.951000e+001
56  1.246000e+001
63  4.150000e+001
68  1.361000e+001
72  3.846000e+001
79  1.809000e+001
86  2.498000e+001
88  3.790000e+001
100  3.219000e+001
106  2.785000e+001
110  3.125000e+001
115  1.562000e+001
118  1.391000e+001
124  3.332000e+001
130  1.719000e+001
132  4.620000e+001
134  3.334000e+001
138  1.456000e+001
152  1.151000e+001
156  2.140000e+001
   98 
3  4.366000e+001
4  4.851000e+001
8  1.907000e+001
11  3.169000e+001
20  2.579000e+001
22  2.527000e+001
30  2.694000e+001
33  1.978000e+001
51  3.838000e+001
56  1.691000e+001
63  4.378000e+001
68  1.807000e+001
72  3.832000e+001
79  2.636000e+001
86  3.256000e+001
88  4.550000e+001
100  4.010000e+001
106  2.763000e+001
110  3.924000e+001
115  1.953000e+001
118  1.667000e+001
124  3.798000e+001
130  1.830000e+001
132  4.206000e+001
134  3.768000e+001
138  2.190000e+001
152  1.678000e+001
156  2.628000e+001
   99 
3  9.931000e+001
4  1.153000e+002
8  4.084000e+001
11  7.578000e+001
20  5.950000e+001
22  5.979000e+001
30  5.663000e+001
33  4.489000e+001
51  8.068000e+001
56  3.389000e+001
63  1.033000e+002
68  3.737000e+001
72  9.372000e+001
79  5.041000e+001
86  6.708000e+001
88  1.015000e+002
100  8.512000e+001
106  6.799000e+001
110  8.328000e+001
115  4.182000e+001
118  3.614000e+001
124  8.669000e+001
130  4.236000e+001
132  1.107000e+002
134  8.281000e+001
138  4.074000e+001
152  3.272000e+001
156  5.691000e+001
   100 
3  5.596000e+001
4  6.203000e+001
8  2.724000e+001
11  4.527000e+001
20  3.517000e+001
22  3.563000e+001
30  3.351000e+001
33  2.796000e+001
51  4.616000e+001
56  2.489000e+001
63  6.186000e+001
68  2.600000e+001
72  5.741000e+001
79  3.218000e+001
86  4.152000e+001
88  5.449000e+001
100  4.858000e+001
106  4.138000e+001
110  4.809000e+001
115  2.721000e+001
118  2.393000e+001
124  4.917000e+001
130  2.780000e+001
132  6.716000e+001
134  5.072000e+001
138  2.802000e+001
152  2.482000e+001
156  3.281000e+001
