Goal_type= Nash_Sutcliff    No_sims= 100     Best_sim_no= 53    Best_goal = -3.478726e+001

Variable           p-factor  r-factor  R2    NS     bR2      MSE       SSQR       PBIAS  KGE  RSR   MNS   VOL_FR  ---  Mean_sim(Mean_obs)   StdDev_sim(StdDev_obs)
FLOW_OUT_5         0.58      9.95      0.03  -22.21 0.0063   9.2e+003  8.3e+003   -106.6-0.40 4.82  -4.76 0.48          176.09(85.22)          26.94(19.91)
FLOW_OUT_8         0.64      6.94      0.09  -9.40  0.0519   4.0e+003  3.2e+003   -61.5 -0.21 3.23  -2.38 0.62          139.70(86.50)          35.14(19.67)
FLOW_OUT_11        0.26      1.92      0.17  -2.39  0.0633   2.3e+002  1.6e+002   40.1  0.28  1.84  -0.91 1.67           18.89(31.52)           7.32(8.26)
FLOW_OUT_13        0.58      10.80     0.01  -21.98 0.0012   1.3e+004  1.2e+004   -118.8-0.50 4.79  -4.95 0.46          200.40(91.59)          28.89(24.14)
FLOW_OUT_14        0.59      10.26     0.00  -16.82 0.0003   9.0e+004  8.0e+004   -114.6-0.49 4.22  -3.66 0.47          521.23(242.89)          82.11(71.09)
FLOW_OUT_17        0.69      8.42      0.05  -9.58  0.0097   2.4e+004  2.1e+004   -97.0 -0.25 3.25  -2.64 0.51          291.13(147.81)          45.71(47.58)
FLOW_OUT_18        0.69      7.13      0.10  -6.42  0.0313   1.8e+004  1.5e+004   -82.3 -0.07 2.72  -2.04 0.55          273.21(149.88)          47.32(49.81)
FLOW_OUT_21        0.53      5.86      0.06  -2.88  0.0167   4.0e+002  2.4e+002   -37.9 0.16  1.97  -1.08 0.72           56.22(40.76)          10.50(10.13)
FLOW_OUT_22        0.45      3.09      0.29  -5.59  0.2537   2.0e+002  1.4e+002   -91.9 -0.53 2.57  -1.34 0.52           20.92(10.91)          11.63(5.47)
FLOW_OUT_23        0.75      6.60      0.11  -5.79  0.0351   1.4e+004  1.2e+004   -72.7 0.01  2.61  -1.81 0.58          254.42(147.33)          45.72(45.88)
FLOW_OUT_24        0.52      11.44     0.12  -46.85 0.0990   1.6e+004  1.5e+004   -175.9-1.39 6.92  -6.52 0.36          187.73(68.04)          45.47(18.38)
FLOW_OUT_25        0.30      2.51      0.17  -1.90  0.1140   5.1e+001  2.0e+001   21.5  0.12  1.70  -0.78 1.27           12.00(15.28)           6.82(4.21)
FLOW_OUT_27        0.30      2.73      0.28  -1.39  0.2633   6.1e+001  1.8e+001   4.4   0.06  1.55  -0.50 1.05           16.57(17.33)           9.10(5.04)
FLOW_OUT_29        0.16      26.52     0.29  -458.91 0.0702   1.2e+003  1.2e+003   -847.7-9.79 21.45 -25.720.11           36.08(3.81)          12.24(1.60)
FLOW_OUT_34        0.68      4.95      0.09  -4.09  0.0460   3.1e+002  1.7e+002   -49.7 -0.12 2.26  -1.11 0.67           34.18(22.83)          13.39(7.76)
FLOW_OUT_36        0.12      1.93      0.12  -25.46 0.0848   3.3e+001  3.1e+001   63.4  -0.40 5.14  -5.13 2.73            3.09(8.44)           2.32(1.12)
FLOW_OUT_37        0.27      2.31      0.06  -3.72  0.0225   3.1e+001  1.7e+001   35.8  0.03  2.17  -1.27 1.56            6.83(10.64)           3.79(2.55)
SED_OUT_5          0.17      14.83     0.40  -3.30  0.0727   2.2e+002  2.1e+002   -195.7-1.11 2.07  -1.76 0.34           20.60(6.97)           2.09(7.20)
SED_OUT_8          0.03      43.47     0.04  -76.29 0.0083   1.1e+003  1.1e+003   -633.8-5.39 8.79  -10.160.14           38.00(5.18)           4.36(3.78)
SED_OUT_14         0.56      15.16     0.01  -9.05  0.0026   2.6e+002  1.7e+002   -108.2-0.50 3.17  -2.49 0.48           24.22(11.63)           7.86(5.04)
SED_OUT_21         0.36      12.40     0.04  -1.69  0.0032   2.7e+002  2.1e+002   -94.2 -0.37 1.64  -0.44 0.51           26.94(13.87)           4.02(10.05)
SED_OUT_24         0.07      17.98     0.00  -6.10  0.0001   4.5e+002  4.0e+002   -185.5-1.15 2.66  -2.62 0.35           29.79(10.43)           3.86(7.96)
SED_OUT_34         0.00      44.87     0.04  -58.30 0.0091   2.9e+002  2.8e+002   -394.8-3.05 7.70  -8.23 0.20           20.96(4.24)           3.00(2.22)
