48  : Number of Parameters (the program only reads the first 4 parameters or any number indicated here)
1  : number of simulations

v__CNCOEF.bsn    0.503   0.503
v__CANMX.hru______FRSD,FRST,RNGB,EUCA    9.09   9.09
v__ICN.bsn    1   1
r__CN2.mgt________1,5,7,9,12-18,20	-0.441000	-0.441000
v__ESCO.hru________1,5,7,9,12-18,20    0.488750   0.488750
v__GW_DELAY.gw________1,5,7,9,12-18,20	243.500000	243.500000
v__GWQMN.gw________1,5,7,9,12-18,20	2790.000000	2790.000000
v__GW_REVAP.gw________1,5,7,9,12-18,20	0.076550	0.076550
v__REVAPMN.gw________1,5,7,9,12-18,20	448.500000	448.500000
v__RCHRG_DP.gw________1,5,7,9,12-18,20	0.073700	0.073700
v__ALPHA_BF.gw________1,5,7,9,12-18,20	0.935825	0.935825
v__SHALLST.gw________1,5,7,9,12-18,20    1732.500000   1732.500000
v__GWHT.gw________1,5,7,9,12-18,20	7.950000	7.950000
v__DEEPST.gw________1,5,7,9,12-18,20	27625.0	27625.0
v__GW_SPYLD.gw________1,5,7,9,12-18,20	0.389500	0.389500
v__LAT_TTIME.hru________1,5,7,9,12-18,20	16.625000	16.625000
r__OV_N.hru________1,5,7,9,12-18,20	-0.075000	-0.075000
r__SLSUBBSN.hru________1,5,7,9,12-18,20	0.079000	0.079000
r__HRU_SLP.hru________1,5,7,9,12-18,20	-0.077000	-0.077000
v__SURLAG.bsn________1,5,7,9,12-18,20	5.965250	5.965250
r__SOL_K().sol________1,5,7,9,12-18,20	0.062000	0.062000
r__SOL_AWC().sol________1,5,7,9,12-18,20	0.030000	0.030000
r__CH_N2.rte________1,5,7,9,12-18,20	0.083	0.083
r__CH_K2.rte________1,5,7,9,12-18,20	-0.065	-0.065
r__CN2.mgt________2,3,4,6,8,10,11    -0.598500   -0.598500
v__ALPHA_BF.gw________2,3,4,6,8,10,11    0.12   0.12
v__GW_DELAY.gw________2,3,4,6,8,10,11    110.370003   110.370003
v__GWQMN.gw________2,3,4,6,8,10,11    4454.000000   4454.000000
v__GW_REVAP.gw________2,3,4,6,8,10,11    0.08   0.08
v__REVAPMN.gw________2,3,4,6,8,10,11    407   407
v__RCHRG_DP.gw________2,3,4,6,8,10,11    0.03   0.03
v__ALPHA_BF.gw________2,3,4,6,8,10,11    0.12   0.12
v__ESCO.hru________2,3,4,6,8,10,11    0.690000   0.690000
r__OV_N.hru________2,3,4,6,8,10,11    0.01   0.01
r__HRU_SLP.hru________2,3,4,6,8,10,11    -0.02   -0.02
r__SOL_K().sol________2,3,4,6,8,10,11    0.16   0.16
r__CH_N2.rte________2,3,4,6,8,10,11    -0.04   -0.04
v__SHALLST.gw________2,3,4,6,8,10,11    76250   76250
v__DEEPST.gw________2,3,4,6,8,10,11    31250   31250
v__LAT_TTIME.hru________2,3,4,6,8,10,11    23.230000   23.230000
v__SURLAG.bsn________2,3,4,6,8,10,11    2.125000   2.125000
r__CN2.mgt________19,21,22,23,24,25,26,27,28,29,30,31,32,33,34,35,36,37    -0.25   -0.25
v__GW_DELAY.gw________19,21,22,23,24,25,26,27,28,29,30,31,32,33,34,35,36,37    403.75   403.75
v__ESCO.hru________19,21,22,23,24,25,26,27,28,29,30,31,32,33,34,35,36,37    0.5855   0.5855
v__SHALLST.gw________19,21,22,23,24,25,26,27,28,29,30,31,32,33,34,35,36,37    1637.5   1637.5
v__GWQMN.gw________19,21,22,23,24,25,26,27,28,29,30,31,32,33,34,35,36,37    1047.5   1047.5
v__ALPHA_BF.gw________19,21,22,23,24,25,26,27,28,29,30,31,32,33,34,35,36,37    0.47225   0.47225
v__LAT_TTIME.hru________19,21,22,23,24,25,26,27,28,29,30,31,32,33,34,35,36,37    4.26   4.26


-------
45  : Number of Parameters (the program only reads the first 4 parameters or any number indicated here)
1  : number of simulations

r__CN2.mgt________1,5,7,9,12-18,20	-0.441000	-0.441000
v__ESCO.hru________1,5,7,9,12-18,20    0.488750   0.488750
v__GW_DELAY.gw________1,5,7,9,12-18,20	243.500000	243.500000
v__GWQMN.gw________1,5,7,9,12-18,20	2790.000000	2790.000000
v__GW_REVAP.gw________1,5,7,9,12-18,20	0.076550	0.076550
v__REVAPMN.gw________1,5,7,9,12-18,20	448.500000	448.500000
v__RCHRG_DP.gw________1,5,7,9,12-18,20	0.073700	0.073700
v__ALPHA_BF.gw________1,5,7,9,12-18,20	0.935825	0.935825
v__SHALLST.gw________1,5,7,9,12-18,20    1732.500000   1732.500000
v__GWHT.gw________1,5,7,9,12-18,20	7.950000	7.950000
v__DEEPST.gw________1,5,7,9,12-18,20	27625.0	27625.0
v__GW_SPYLD.gw________1,5,7,9,12-18,20	0.389500	0.389500
v__LAT_TTIME.hru________1,5,7,9,12-18,20	16.625000	16.625000
r__OV_N.hru________1,5,7,9,12-18,20	-0.075000	-0.075000
r__SLSUBBSN.hru________1,5,7,9,12-18,20	0.079000	0.079000
r__HRU_SLP.hru________1,5,7,9,12-18,20	-0.077000	-0.077000
v__SURLAG.bsn________1,5,7,9,12-18,20	5.965250	5.965250
r__SOL_K().sol________1,5,7,9,12-18,20	0.062000	0.062000
r__SOL_AWC().sol________1,5,7,9,12-18,20	0.030000	0.030000
r__CH_N2.rte________1,5,7,9,12-18,20	0.083	0.083
r__CH_K2.rte________1,5,7,9,12-18,20	-0.065	-0.065
r__CN2.mgt________2,3,4,6,8,10,11    -0.44   -0.44
v__ALPHA_BF.gw________2,3,4,6,8,10,11    0.12   0.12
v__GW_DELAY.gw________2,3,4,6,8,10,11    456   456
v__GWQMN.gw________2,3,4,6,8,10,11    4074   4074
v__GW_REVAP.gw________2,3,4,6,8,10,11    0.08   0.08
v__REVAPMN.gw________2,3,4,6,8,10,11    407   407
v__RCHRG_DP.gw________2,3,4,6,8,10,11    0.03   0.03
v__ALPHA_BF.gw________2,3,4,6,8,10,11    0.12   0.12
v__ESCO.hru________2,3,4,6,8,10,11    0.57   0.57
r__OV_N.hru________2,3,4,6,8,10,11    0.01   0.01
r__HRU_SLP.hru________2,3,4,6,8,10,11    -0.02   -0.02
r__SOL_K().sol________2,3,4,6,8,10,11    0.16   0.16
r__CH_N2.rte________2,3,4,6,8,10,11    -0.04   -0.04
v__SHALLST.gw________2,3,4,6,8,10,11    76250   76250
v__DEEPST.gw________2,3,4,6,8,10,11    31250   31250
v__LAT_TTIME.hru________2,3,4,6,8,10,11    24   24
v__SURLAG.bsn________2,3,4,6,8,10,11    6   6
r__CN2.mgt________19,21,22,23,24,25,26,27,28,29,30,31,32,33,34,35,36,37    -0.25   -0.25
v__GW_DELAY.gw________19,21,22,23,24,25,26,27,28,29,30,31,32,33,34,35,36,37    403.75   403.75
v__ESCO.hru________19,21,22,23,24,25,26,27,28,29,30,31,32,33,34,35,36,37    0.5855   0.5855
v__SHALLST.gw________19,21,22,23,24,25,26,27,28,29,30,31,32,33,34,35,36,37    1637.5   1637.5
v__GWQMN.gw________19,21,22,23,24,25,26,27,28,29,30,31,32,33,34,35,36,37    1047.5   1047.5
v__ALPHA_BF.gw________19,21,22,23,24,25,26,27,28,29,30,31,32,33,34,35,36,37    0.47225   0.47225
v__LAT_TTIME.hru________19,21,22,23,24,25,26,27,28,29,30,31,32,33,34,35,36,37    4.26   4.26



r__CN2.mgt________1,5,7,9,12-18,20    -0.4   0.4
v__GWQMN.gw________1,5,7,9,12-18,20    0   5000
v__GW_REVAP.gw________1,5,7,9,12-18,20    0.02   0.15
v__REVAPMN.gw________1,5,7,9,12-18,20    0   500
v__RCHRG_DP.gw________1,5,7,9,12-18,20    0.01   0.2
v__ALPHA_BF.gw________1,5,7,9,12-18,20    0.005   0.9
v__GW_DELAY.gw________1,5,7,9,12-18,20    5   300
v__SHALLST.gw________1,5,7,9,12-18,20    1000   15000
v__GWHT.gw________1,5,7,9,12-18,20    3   25
v__DEEPST.gw________1,5,7,9,12-18,20    1000   30000
v__GW_SPYLD.gw________1,5,7,9,12-18,20    0.1   0.4
v__ESCO.hru________1,5,7,9,12-18,20    0.4   0.8
v__LAT_TTIME.hru________1,5,7,9,12-18,20    0   25
r__OV_N.hru________1,5,7,9,12-18,20    -0.1   0.1
r__SLSUBBSN.hru________1,5,7,9,12-18,20    -0.1   0.1
r__HRU_SLP.hru________1,5,7,9,12-18,20    -0.1   0.1
v__SURLAG.bsn________1,5,7,9,12-18,20    0.05   12
r__SOL_K().sol________1,5,7,9,12-18,20    -0.2   0.2
r__SOL_AWC().sol________1,5,7,9,12-18,20    -0.2   0.2
r__CH_N2.rte________1,5,7,9,12-18,20    -0.1   0.1
r__CH_K2.rte________1,5,7,9,12-18,20    -0.1   0.1



r__CN2.mgt________1,5,7,9,12-18,20    -0.4   0.4
v__GWQMN.gw________1,5,7,9,12-18,20    0   5000
v__GW_REVAP.gw________1,5,7,9,12-18,20    0.02   0.15
v__REVAPMN.gw________1,5,7,9,12-18,20    0   500
v__RCHRG_DP.gw________1,5,7,9,12-18,20    0.01   0.2
v__ALPHA_BF.gw________1,5,7,9,12-18,20    0.005   0.9
v__GW_DELAY.gw________1,5,7,9,12-18,20    5   300
v__SHALLST.gw________1,5,7,9,12-18,20    1000   15000
v__GWHT.gw________1,5,7,9,12-18,20    3   25
v__DEEPST.gw________1,5,7,9,12-18,20    1000   30000
v__GW_SPYLD.gw________1,5,7,9,12-18,20    0.1   0.4
v__ESCO.hru________1,5,7,9,12-18,20    0.4   0.8
v__LAT_TTIME.hru________1,5,7,9,12-18,20    0   25
r__OV_N.hru________1,5,7,9,12-18,20    -0.1   0.1
r__SLSUBBSN.hru________1,5,7,9,12-18,20    -0.1   0.1
r__HRU_SLP.hru________1,5,7,9,12-18,20    -0.1   0.1
v__SURLAG.bsn________1,5,7,9,12-18,20    0.05   12
r__SOL_K().sol________1,5,7,9,12-18,20    -0.2   0.2
r__SOL_AWC().sol________1,5,7,9,12-18,20    -0.2   0.2
r__CH_N2.rte________1,5,7,9,12-18,20    -0.1   0.1
r__CH_K2.rte________1,5,7,9,12-18,20    -0.1   0.1

-----------------
v__GW_REVAP.gw             0.0       0.2
v__ESCO.hru                0.8       1.0
v__CH_N2.rte	           0.0       0.3
v__CH_K2.rte	           5.0       130.0
v__ALPHA_BNK.rte           0.0       1.0
r__SOL_AWC(1).sol         -0.2       0.4
r__SOL_K(1).sol	          -0.8       0.8
r__SOL_BD(1).sol          -0.5       0.6
v__SFTMP.bsn              -5.0       5.0



--------------------------------------------------
example of parameterization:

r__Precipitation(){1990001-2000265}.pcp  0  0.4
r__AUTO_EFF{[],11,AUTO_NSTRS=0.6}.mgt  0.2  0.6
r__BLAI{22}.crop.dat  2  8



-----------------------------------------

r__CN2.mgt________1	        -0.2       0.2
r__SOL_AWC(1).sol________1      -0.2       0.1
r__SOL_K(1).sol________1	-0.8       0.8
r__SOL_BD(1).sol________1       -0.5       0.6
a__GWQMN.gw________1             0.0      25.0
a__GW_REVAP.gw________1         -0.1       0.0
v__REVAPMN.gw________1           0.0      10.0
a__ESCO.hru________1             0.0       0.2
r__HRU_SLP.hru________1          0.0       0.2
r__OV_N.hru________1            -0.2       0.0
r__SLSUBBSN.hru________1         0.0       0.2



r__CN2.mgt________3-6	          -0.2       0.2
r__SOL_AWC(1).sol________3-6      -0.2       0.1
r__SOL_K(1).sol________3-6	  -0.8       0.8
r__SOL_BD(1).sol________3-6       -0.5       0.6
a__GWQMN.gw________3-6             0.0      25.0
a__GW_REVAP.gw________3-6         -0.1       0.0
v__REVAPMN.gw________3-6           0.0      10.0
a__ESCO.hru________3-6             0.0       0.2
r__HRU_SLP.hru________3-6          0.0       0.2
r__OV_N.hru________3-6            -0.2       0.0
r__SLSUBBSN.hru________3-6         0.0       0.2


r__CN2.mgt________7,12,15,16-20	          -0.2       0.2
r__SOL_AWC(1).sol________7,12,15,16-20     -0.2       0.1
r__SOL_K(1).sol________7,12,15,16-20	  -0.8       0.8
r__SOL_BD(1).sol________7,12,15,16-20      -0.5       0.6
a__GWQMN.gw________7,12,15,16-20            0.0      25.0
a__GW_REVAP.gw________7,12,15,16-20        -0.1       0.0
v__REVAPMN.gw________7,12,15,16-20          0.0       10.0
a__ESCO.hru________7,12,15,16-20            0.0       0.2
r__HRU_SLP.hru________7,12,15,16-20         0.0       0.2
r__OV_N.hru________7,12,15,16-20           -0.2       0.0
r__SLSUBBSN.hru________7,12,15,16-20        0.0       0.2


v__ALPHA_BF.gw             0.0       1.0
v__GW_DELAY.gw	           30.0      450.0
v__CH_N2.rte	           0.0       0.3
v__CH_K2.rte	           5.0       130.0
v__ALPHA_BNK.rte           0.0       1.0
v__SFTMP.bsn              -5.0       5.0