1      42   88   53  100   42   66   83   84   85
2      68   78   49   85   33   73    2   58   71
3      35   75   83   66   85   33   94   69   16
4       1   26   41   94   80   86  100   11    1
5      70   28   16    9   84   29   33    9    7
6      25   30   76   73   68   47   45   42    3
7      79   29   63   44   37   90   32   33   97
8      59   24   68   30   26   79   76   38   34
9      63   21   37   15   19   84    5   85   12
10      65    3   98   69   38   26   51  100   68
11       6   63   19   56   29   61   27    2   46
12      46   97   29   92   20   46   67   70   76
13      82   38   52   74   78   22   39   57   55
14      28   62   17   23   92   56   24   93   49
15      62   96   31   49   57   21   44   41   20
16      92   65   50   52   96   28   42   88   80
17      96   61   26   87   61   74   81   13   89
18      43   17   59   45    2   35   96   21   22
19      37   31   30   47   94   52   19   36   93
20       5   27   21   78   81   76   60   64   98
21       3   12   61   18   76   37   64   16   10
22      54   72   48   17    8    2   29   98   53
23      93   48   56   75   75   38   30   78   72
24      83   54   93   70   91   11   89   75   59
25      22   91   62   13   77   75   55   35   23
26      17   25   55   16   52   91   14   54   60
27      19   89   99   50   30   57   80   34  100
28      48   64   47   58   73   72   70   79   21
29      27   41   15   41   90   81   78   87   37
30      72   52   89   53   88   36   38   25   13
31      39    1   70   37   40   83    3   76   54
32      13   14   39   88   54   19   16   50   86
33     100   59   64   27   64   13   93    5   42
34      36   79   22   63   82   99   73   23    9
35      95   66   35   84    4    6   49   56   45
36       4    8   71   95    6   63   54   14   70
37      12   40    6   81   69   18   98   63   82
38      23    4   65   98   99   93    9   74    8
39      34   58   58   14   16   40   12   61   50
40      74    9   25   62   22   48   66   51   27
41      69    2   24   79   27    4   82   18   25
42      45   51   51   12   23   32   11    7   75
43      58   94   34   48   39   16   57   32   29
44      38   85   11   46  100   59    6    6   47
45      60    6   38   71   79   30   85   37   15
46      24    5   79   76   24   95   79   91   69
47      30   36   94   90   44  100   46   99   39
48      91   57   92   51   35   39   41   86   94
49      89   73   36   34   50   98   34   48    5
50       7   86    5   83    3   43   86   26    6
51      41   70    9    8   47    9    1   97   18
52      49   23   69   33   14   78   69   29   56
53      47   18   82   97    1   70   95   39   44
54      71   13   86   68   17   27    7   43   31
55      51   42   74   11   63   64   36   96   73
56       2   60   95   42   36   25   61   68   77
57      94   33   77   32   11   82   72   94    2
58      85   56   27    6   83    1   28   47   87
59      55   35   97   80   67   62    4   10   32
60      57   55   73   22   89    3   43   55   81
61      67   84   75   39   12   49   35   66   61
62      77   68   20   77   46   96   13   40   58
63      32   49   44   60   43   85   31   62   91
64       9   76   12   67   48   17   62   19   48
65      40   39   42   29   18    8   59   28   43
66      16   43   90   61   49   94   92   31   19
67      31   22   66   54   71   45   20   24   62
68      78   71   10    4   59   60   25   67   64
69      87   99   67    7   32   44   68   45   99
70      73   80    1   82   45   69   47   17   95
71      98   77   96   25   51   20   87   72   78
72      56   82   32   19   34   58   90    1   84
73      75   53   23   36   70   42   26   30   41
74      53   44   80   99   55   92   17   81   65
75       8   74    3   89   86   65   99   71   24
76      88   19   78    2   58   24   58   65   38
77      84   11   13   64   72   53   97   12   67
78      10   32   40   91   53   34   40   46   57
79      14   98   60   72    9   71   23   89   51
80      11   90   87   21   62   10   56    8   96
81      21   46   46   59   95   68   48   92   88
82      97   15    7   10   65    5   71   59   63
83      29   45   88   86   74   87   91    3   17
84      18   93   33   28    5   77   74   27   33
85      15   50   57   38   31   55   88   15   40
86      52   16   84    5   66   67    8   80   36
87      50   87   91    1   41   15   22   77   90
88      20    7   28   43   93   88   18   44   74
89      99   20   72   96   21   89   37   53   14
90      90   92    4   26   87   14   52   20   83
91      86   47   14   65   60   12   63   22   66
92      44   10    2   57   98   54   21   82   79
93      81   37   43    3   10   41   75   83   92
94      80   67    8   24   15   23   50   90   11
95      76   95  100   35   97   31   15   60    4
96      33   83   45   93   56   80   84   52   26
97      26   34   81   55   28   97   53   49   30
98      61   81   85   40    7    7   77   73   28
99      64   69   18   31   13   50   10    4   35
100      66  100   54   20   25   51   65   95   52
